1000 100
1 2
1 3
3 4
3 5
5 6
3 7
5 8
6 9
4 10
5 11
8 12
12 13
9 14
12 15
1 16
5 17
13 18
17 19
3 20
11 21
13 22
6 23
2 24
23 25
15 26
11 27
12 28
21 29
15 30
11 31
23 32
2 33
12 34
18 35
24 36
21 37
24 38
20 39
26 40
26 41
29 42
34 43
22 44
19 45
41 46
20 47
36 48
28 49
17 50
48 51
1 52
20 53
30 54
44 55
43 56
49 57
32 58
1 59
20 60
21 61
30 62
40 63
16 64
61 65
58 66
44 67
52 68
31 69
49 70
15 71
5 72
36 73
71 74
70 75
67 76
33 77
6 78
4 79
49 80
14 81
57 82
59 83
2 84
7 85
8 86
14 87
5 88
7 89
37 90
30 91
85 92
31 93
16 94
40 95
11 96
79 97
57 98
88 99
66 100
5 101
85 102
36 103
16 104
73 105
33 106
6 107
71 108
35 109
43 110
28 111
51 112
19 113
9 114
76 115
57 116
73 117
57 118
107 119
68 120
4 121
88 122
2 123
107 124
97 125
61 126
23 127
108 128
29 129
2 130
87 131
73 132
48 133
19 134
117 135
19 136
97 137
66 138
86 139
53 140
10 141
131 142
125 143
35 144
25 145
26 146
22 147
3 148
53 149
12 150
8 151
80 152
89 153
65 154
56 155
70 156
62 157
61 158
21 159
120 160
132 161
41 162
57 163
55 164
95 165
40 166
6 167
72 168
54 169
116 170
151 171
144 172
32 173
11 174
30 175
155 176
112 177
113 178
140 179
35 180
62 181
46 182
123 183
65 184
166 185
160 186
143 187
184 188
120 189
19 190
162 191
165 192
81 193
148 194
36 195
16 196
84 197
92 198
154 199
119 200
8 201
34 202
57 203
60 204
76 205
151 206
106 207
193 208
131 209
111 210
62 211
29 212
11 213
85 214
12 215
67 216
163 217
169 218
27 219
212 220
90 221
4 222
60 223
68 224
45 225
101 226
141 227
31 228
8 229
151 230
108 231
54 232
23 233
65 234
13 235
89 236
110 237
38 238
119 239
221 240
69 241
226 242
121 243
233 244
151 245
202 246
99 247
181 248
103 249
235 250
112 251
12 252
137 253
172 254
129 255
218 256
172 257
17 258
232 259
207 260
30 261
2 262
219 263
254 264
7 265
123 266
230 267
184 268
215 269
98 270
51 271
166 272
13 273
202 274
126 275
172 276
44 277
275 278
6 279
100 280
179 281
14 282
275 283
272 284
50 285
92 286
9 287
274 288
156 289
63 290
190 291
277 292
160 293
227 294
88 295
151 296
125 297
157 298
88 299
203 300
268 301
248 302
75 303
260 304
242 305
113 306
186 307
99 308
286 309
91 310
76 311
309 312
278 313
81 314
192 315
19 316
196 317
312 318
205 319
58 320
193 321
8 322
123 323
129 324
196 325
113 326
171 327
202 328
261 329
52 330
5 331
66 332
111 333
300 334
234 335
44 336
149 337
82 338
7 339
248 340
30 341
330 342
102 343
56 344
315 345
308 346
26 347
77 348
74 349
342 350
86 351
239 352
308 353
4 354
217 355
274 356
124 357
8 358
91 359
165 360
66 361
227 362
197 363
37 364
241 365
274 366
22 367
349 368
266 369
345 370
314 371
341 372
2 373
28 374
79 375
1 376
51 377
113 378
129 379
114 380
304 381
63 382
303 383
13 384
100 385
3 386
71 387
382 388
292 389
271 390
125 391
177 392
331 393
68 394
337 395
113 396
243 397
183 398
124 399
324 400
46 401
389 402
357 403
265 404
145 405
104 406
165 407
346 408
112 409
315 410
362 411
93 412
97 413
133 414
253 415
272 416
112 417
203 418
346 419
167 420
61 421
100 422
100 423
52 424
59 425
173 426
5 427
19 428
24 429
349 430
288 431
24 432
200 433
226 434
91 435
211 436
365 437
330 438
385 439
36 440
72 441
78 442
8 443
56 444
252 445
116 446
130 447
322 448
333 449
410 450
98 451
406 452
288 453
365 454
130 455
388 456
287 457
425 458
361 459
417 460
296 461
20 462
97 463
122 464
435 465
110 466
337 467
452 468
92 469
125 470
456 471
130 472
170 473
438 474
77 475
468 476
260 477
392 478
93 479
187 480
57 481
148 482
218 483
458 484
297 485
440 486
194 487
79 488
47 489
92 490
420 491
79 492
80 493
206 494
318 495
41 496
220 497
285 498
318 499
483 500
6 501
462 502
424 503
248 504
441 505
221 506
349 507
47 508
171 509
407 510
58 511
135 512
478 513
432 514
492 515
391 516
34 517
25 518
258 519
197 520
328 521
232 522
412 523
247 524
343 525
62 526
144 527
408 528
17 529
498 530
274 531
283 532
44 533
516 534
218 535
107 536
1 537
484 538
136 539
19 540
87 541
344 542
35 543
121 544
539 545
422 546
107 547
416 548
526 549
50 550
145 551
93 552
509 553
524 554
254 555
23 556
104 557
99 558
7 559
46 560
249 561
193 562
63 563
132 564
183 565
1 566
553 567
428 568
184 569
403 570
349 571
139 572
389 573
395 574
83 575
95 576
244 577
444 578
432 579
357 580
366 581
29 582
67 583
569 584
571 585
32 586
188 587
200 588
426 589
413 590
186 591
91 592
347 593
114 594
353 595
491 596
409 597
221 598
493 599
480 600
517 601
297 602
504 603
371 604
424 605
424 606
414 607
492 608
235 609
21 610
136 611
93 612
1 613
584 614
139 615
365 616
525 617
413 618
567 619
12 620
99 621
74 622
424 623
179 624
429 625
20 626
521 627
615 628
591 629
239 630
411 631
202 632
520 633
376 634
491 635
26 636
354 637
530 638
604 639
592 640
515 641
242 642
140 643
315 644
391 645
400 646
485 647
470 648
388 649
175 650
595 651
304 652
527 653
406 654
510 655
377 656
105 657
244 658
447 659
425 660
80 661
577 662
372 663
458 664
112 665
395 666
55 667
636 668
639 669
188 670
526 671
428 672
284 673
200 674
270 675
359 676
135 677
43 678
416 679
243 680
381 681
168 682
85 683
367 684
7 685
201 686
449 687
188 688
427 689
249 690
645 691
451 692
690 693
343 694
617 695
318 696
570 697
61 698
267 699
528 700
379 701
285 702
125 703
319 704
425 705
107 706
538 707
19 708
438 709
709 710
293 711
642 712
418 713
289 714
2 715
15 716
628 717
18 718
299 719
286 720
224 721
109 722
355 723
33 724
406 725
275 726
417 727
101 728
74 729
335 730
356 731
385 732
190 733
393 734
621 735
498 736
440 737
271 738
104 739
491 740
420 741
368 742
695 743
682 744
98 745
563 746
311 747
255 748
177 749
673 750
291 751
600 752
319 753
543 754
240 755
117 756
359 757
258 758
528 759
490 760
580 761
593 762
404 763
135 764
510 765
687 766
440 767
550 768
339 769
615 770
366 771
354 772
578 773
399 774
634 775
157 776
517 777
60 778
274 779
358 780
669 781
685 782
134 783
268 784
531 785
479 786
105 787
305 788
376 789
272 790
353 791
191 792
678 793
167 794
656 795
256 796
18 797
320 798
504 799
683 800
25 801
270 802
703 803
649 804
308 805
753 806
351 807
307 808
248 809
176 810
79 811
531 812
767 813
326 814
558 815
99 816
425 817
416 818
416 819
224 820
73 821
581 822
600 823
235 824
419 825
329 826
691 827
719 828
492 829
512 830
140 831
814 832
617 833
11 834
818 835
123 836
750 837
708 838
791 839
553 840
108 841
393 842
378 843
195 844
80 845
19 846
94 847
693 848
612 849
820 850
274 851
168 852
804 853
130 854
833 855
39 856
232 857
164 858
242 859
286 860
359 861
602 862
455 863
388 864
5 865
443 866
564 867
64 868
10 869
61 870
112 871
663 872
456 873
858 874
368 875
443 876
315 877
859 878
858 879
264 880
52 881
461 882
230 883
500 884
254 885
346 886
332 887
416 888
516 889
862 890
378 891
590 892
631 893
575 894
364 895
759 896
619 897
314 898
146 899
237 900
766 901
498 902
188 903
889 904
186 905
38 906
211 907
839 908
233 909
223 910
511 911
686 912
108 913
829 914
433 915
251 916
487 917
725 918
804 919
403 920
341 921
894 922
397 923
684 924
95 925
906 926
696 927
903 928
27 929
418 930
570 931
881 932
763 933
156 934
219 935
509 936
35 937
751 938
756 939
406 940
420 941
621 942
634 943
124 944
446 945
679 946
84 947
229 948
50 949
744 950
111 951
691 952
586 953
122 954
507 955
680 956
245 957
785 958
21 959
887 960
35 961
834 962
224 963
99 964
450 965
922 966
819 967
563 968
595 969
17 970
969 971
442 972
904 973
292 974
663 975
317 976
966 977
25 978
972 979
140 980
831 981
867 982
817 983
577 984
448 985
346 986
381 987
736 988
709 989
408 990
741 991
732 992
909 993
390 994
442 995
55 996
958 997
326 998
497 999
574 1000
