200 97
1 2
2 3
1 4
2 5
1 6
4 7
4 8
7 9
8 10
1 11
5 12
5 13
6 14
11 15
12 16
16 17
3 18
15 19
15 20
14 21
7 22
15 23
19 24
23 25
14 26
23 27
8 28
1 29
7 30
16 31
26 32
11 33
13 34
2 35
12 36
1 37
23 38
1 39
11 40
18 41
38 42
11 43
16 44
16 45
7 46
44 47
43 48
42 49
22 50
32 51
49 52
50 53
20 54
23 55
3 56
55 57
11 58
6 59
34 60
21 61
61 62
41 63
1 64
59 65
63 66
39 67
42 68
29 69
61 70
8 71
45 72
64 73
5 74
28 75
42 76
47 77
65 78
62 79
50 80
61 81
33 82
67 83
48 84
17 85
8 86
20 87
79 88
19 89
2 90
47 91
14 92
66 93
9 94
29 95
23 96
30 97
62 98
17 99
64 100
65 101
9 102
64 103
7 104
99 105
74 106
79 107
18 108
23 109
68 110
73 111
3 112
53 113
43 114
15 115
57 116
70 117
19 118
34 119
15 120
118 121
43 122
55 123
41 124
13 125
113 126
76 127
59 128
8 129
119 130
122 131
66 132
102 133
80 134
26 135
110 136
130 137
109 138
71 139
101 140
64 141
129 142
61 143
62 144
32 145
15 146
143 147
135 148
142 149
113 150
97 151
106 152
133 153
4 154
92 155
82 156
115 157
11 158
112 159
90 160
19 161
55 162
16 163
135 164
141 165
19 166
120 167
131 168
7 169
86 170
22 171
55 172
49 173
32 174
104 175
139 176
120 177
7 178
137 179
77 180
70 181
23 182
105 183
9 184
156 185
41 186
161 187
94 188
184 189
173 190
159 191
1 192
8 193
59 194
9 195
56 196
1 197
113 198
45 199
170 200
