5000 99991
1 2
2 3
1 4
1 5
1 6
4 7
7 8
1 9
5 10
5 11
5 12
9 13
7 14
13 15
1 16
7 17
16 18
9 19
2 20
11 21
20 22
19 23
2 24
1 25
18 26
24 27
15 28
22 29
2 30
30 31
19 32
17 33
31 34
21 35
2 36
24 37
14 38
18 39
35 40
13 41
34 42
40 43
11 44
36 45
42 46
16 47
46 48
44 49
4 50
39 51
47 52
47 53
7 54
28 55
10 56
5 57
47 58
41 59
1 60
41 61
2 62
19 63
28 64
19 65
23 66
41 67
25 68
29 69
52 70
2 71
6 72
7 73
27 74
51 75
67 76
26 77
27 78
70 79
1 80
33 81
33 82
70 83
31 84
80 85
28 86
32 87
35 88
36 89
48 90
34 91
67 92
40 93
37 94
37 95
86 96
6 97
33 98
22 99
29 100
1 101
65 102
10 103
37 104
64 105
83 106
84 107
9 108
2 109
22 110
4 111
23 112
58 113
18 114
105 115
93 116
65 117
44 118
29 119
29 120
115 121
94 122
74 123
13 124
36 125
102 126
63 127
76 128
19 129
67 130
43 131
1 132
45 133
132 134
118 135
17 136
93 137
38 138
100 139
118 140
22 141
63 142
23 143
140 144
79 145
50 146
39 147
72 148
131 149
22 150
25 151
51 152
66 153
53 154
116 155
102 156
3 157
21 158
63 159
41 160
85 161
54 162
136 163
142 164
69 165
28 166
26 167
90 168
76 169
4 170
52 171
123 172
57 173
51 174
114 175
77 176
73 177
9 178
165 179
20 180
144 181
76 182
154 183
58 184
89 185
168 186
163 187
47 188
13 189
10 190
9 191
123 192
99 193
73 194
82 195
155 196
6 197
89 198
122 199
111 200
116 201
154 202
170 203
110 204
96 205
17 206
11 207
117 208
156 209
125 210
118 211
37 212
173 213
153 214
2 215
156 216
1 217
82 218
129 219
117 220
44 221
66 222
38 223
86 224
27 225
141 226
52 227
46 228
101 229
90 230
119 231
139 232
223 233
4 234
195 235
185 236
57 237
178 238
153 239
114 240
113 241
62 242
34 243
5 244
191 245
8 246
27 247
243 248
25 249
241 250
4 251
108 252
185 253
119 254
167 255
103 256
201 257
5 258
47 259
140 260
255 261
197 262
256 263
163 264
173 265
261 266
165 267
162 268
268 269
75 270
41 271
184 272
46 273
17 274
116 275
48 276
216 277
158 278
95 279
219 280
91 281
195 282
264 283
201 284
63 285
247 286
60 287
28 288
42 289
22 290
81 291
43 292
230 293
180 294
140 295
97 296
181 297
276 298
227 299
118 300
230 301
144 302
258 303
286 304
205 305
124 306
204 307
162 308
137 309
75 310
266 311
128 312
293 313
209 314
187 315
196 316
176 317
110 318
46 319
160 320
233 321
260 322
57 323
94 324
238 325
307 326
86 327
172 328
95 329
35 330
295 331
316 332
288 333
18 334
270 335
234 336
218 337
326 338
89 339
216 340
150 341
121 342
195 343
238 344
316 345
164 346
239 347
115 348
286 349
66 350
265 351
313 352
189 353
269 354
323 355
108 356
15 357
45 358
192 359
256 360
286 361
142 362
236 363
272 364
71 365
248 366
307 367
358 368
274 369
282 370
312 371
192 372
269 373
273 374
364 375
130 376
140 377
220 378
276 379
99 380
251 381
374 382
243 383
191 384
206 385
354 386
230 387
149 388
200 389
179 390
317 391
204 392
113 393
203 394
360 395
112 396
71 397
157 398
294 399
172 400
259 401
287 402
120 403
116 404
115 405
142 406
22 407
167 408
182 409
20 410
316 411
275 412
412 413
352 414
316 415
229 416
400 417
308 418
418 419
6 420
399 421
393 422
16 423
267 424
50 425
100 426
371 427
171 428
212 429
419 430
317 431
97 432
79 433
188 434
32 435
191 436
287 437
144 438
211 439
232 440
52 441
42 442
69 443
389 444
170 445
247 446
173 447
365 448
183 449
62 450
323 451
271 452
47 453
314 454
76 455
328 456
215 457
407 458
127 459
354 460
397 461
323 462
262 463
200 464
371 465
95 466
226 467
25 468
195 469
109 470
370 471
192 472
7 473
473 474
359 475
38 476
165 477
344 478
209 479
321 480
215 481
182 482
47 483
217 484
282 485
485 486
90 487
99 488
358 489
459 490
156 491
375 492
237 493
370 494
67 495
378 496
50 497
322 498
230 499
409 500
162 501
411 502
329 503
61 504
448 505
196 506
192 507
302 508
384 509
422 510
61 511
109 512
425 513
33 514
8 515
253 516
10 517
302 518
362 519
428 520
262 521
11 522
132 523
108 524
334 525
85 526
203 527
108 528
382 529
263 530
379 531
29 532
435 533
529 534
504 535
524 536
503 537
279 538
380 539
504 540
402 541
363 542
82 543
480 544
381 545
159 546
123 547
120 548
165 549
63 550
484 551
89 552
352 553
281 554
442 555
107 556
259 557
411 558
395 559
97 560
228 561
63 562
103 563
288 564
514 565
205 566
88 567
391 568
289 569
381 570
317 571
219 572
343 573
431 574
269 575
208 576
9 577
396 578
88 579
234 580
287 581
166 582
321 583
447 584
443 585
556 586
128 587
374 588
86 589
201 590
568 591
115 592
501 593
104 594
539 595
541 596
280 597
485 598
469 599
192 600
387 601
67 602
402 603
537 604
166 605
566 606
381 607
332 608
186 609
452 610
12 611
446 612
548 613
574 614
17 615
95 616
142 617
559 618
445 619
228 620
42 621
351 622
400 623
192 624
598 625
623 626
134 627
230 628
160 629
628 630
142 631
417 632
346 633
154 634
60 635
265 636
228 637
180 638
382 639
452 640
353 641
395 642
247 643
55 644
561 645
20 646
523 647
298 648
91 649
435 650
577 651
166 652
9 653
308 654
437 655
98 656
160 657
131 658
508 659
492 660
593 661
439 662
436 663
60 664
208 665
198 666
181 667
663 668
228 669
203 670
92 671
600 672
158 673
424 674
54 675
26 676
603 677
552 678
45 679
560 680
591 681
298 682
317 683
269 684
549 685
40 686
468 687
63 688
219 689
305 690
638 691
187 692
119 693
200 694
672 695
154 696
654 697
253 698
507 699
503 700
381 701
666 702
646 703
668 704
4 705
7 706
61 707
640 708
10 709
33 710
275 711
60 712
2 713
411 714
323 715
392 716
114 717
433 718
471 719
439 720
352 721
293 722
444 723
489 724
122 725
256 726
280 727
554 728
525 729
107 730
194 731
459 732
574 733
692 734
200 735
357 736
428 737
502 738
595 739
482 740
726 741
507 742
545 743
255 744
650 745
377 746
475 747
406 748
196 749
42 750
692 751
644 752
660 753
573 754
539 755
749 756
315 757
477 758
610 759
528 760
139 761
196 762
33 763
21 764
386 765
210 766
93 767
746 768
28 769
458 770
540 771
365 772
757 773
660 774
285 775
24 776
761 777
287 778
521 779
122 780
644 781
577 782
573 783
203 784
513 785
360 786
361 787
271 788
357 789
585 790
409 791
650 792
201 793
510 794
476 795
458 796
49 797
671 798
352 799
26 800
580 801
400 802
191 803
447 804
405 805
613 806
74 807
22 808
61 809
361 810
142 811
301 812
125 813
148 814
534 815
78 816
499 817
279 818
698 819
107 820
724 821
172 822
672 823
396 824
283 825
318 826
154 827
710 828
429 829
630 830
498 831
249 832
52 833
176 834
507 835
757 836
372 837
837 838
29 839
237 840
345 841
665 842
768 843
101 844
580 845
419 846
256 847
842 848
658 849
455 850
288 851
509 852
380 853
605 854
494 855
550 856
829 857
593 858
433 859
369 860
520 861
792 862
20 863
753 864
775 865
797 866
133 867
736 868
574 869
263 870
768 871
689 872
851 873
449 874
338 875
575 876
815 877
470 878
107 879
523 880
711 881
552 882
680 883
5 884
701 885
738 886
503 887
401 888
545 889
388 890
494 891
327 892
270 893
331 894
659 895
494 896
60 897
812 898
478 899
803 900
366 901
142 902
558 903
459 904
118 905
337 906
13 907
74 908
657 909
332 910
47 911
349 912
74 913
416 914
146 915
106 916
143 917
726 918
566 919
700 920
344 921
225 922
869 923
308 924
922 925
876 926
294 927
897 928
867 929
791 930
10 931
293 932
243 933
609 934
750 935
839 936
557 937
700 938
583 939
92 940
651 941
440 942
526 943
5 944
439 945
277 946
843 947
527 948
1 949
550 950
3 951
142 952
819 953
497 954
862 955
943 956
950 957
18 958
578 959
659 960
813 961
253 962
900 963
482 964
635 965
408 966
670 967
26 968
238 969
439 970
715 971
775 972
607 973
337 974
921 975
869 976
13 977
244 978
709 979
83 980
194 981
363 982
893 983
958 984
628 985
929 986
780 987
774 988
212 989
405 990
116 991
838 992
350 993
636 994
488 995
468 996
887 997
883 998
802 999
659 1000
765 1001
256 1002
702 1003
345 1004
969 1005
433 1006
200 1007
926 1008
495 1009
561 1010
533 1011
439 1012
944 1013
308 1014
920 1015
1009 1016
590 1017
323 1018
767 1019
197 1020
847 1021
592 1022
673 1023
521 1024
822 1025
119 1026
554 1027
711 1028
527 1029
38 1030
769 1031
483 1032
375 1033
718 1034
976 1035
492 1036
340 1037
298 1038
194 1039
813 1040
266 1041
294 1042
981 1043
314 1044
276 1045
432 1046
716 1047
155 1048
357 1049
804 1050
218 1051
209 1052
658 1053
115 1054
550 1055
215 1056
622 1057
141 1058
685 1059
513 1060
233 1061
667 1062
577 1063
18 1064
525 1065
421 1066
287 1067
199 1068
707 1069
781 1070
750 1071
575 1072
170 1073
676 1074
649 1075
74 1076
649 1077
946 1078
849 1079
378 1080
295 1081
644 1082
1030 1083
13 1084
862 1085
364 1086
165 1087
715 1088
825 1089
765 1090
552 1091
335 1092
662 1093
991 1094
675 1095
779 1096
564 1097
433 1098
297 1099
1089 1100
619 1101
631 1102
146 1103
271 1104
595 1105
815 1106
888 1107
913 1108
146 1109
1000 1110
257 1111
914 1112
687 1113
553 1114
447 1115
213 1116
654 1117
1096 1118
752 1119
489 1120
235 1121
788 1122
652 1123
830 1124
280 1125
377 1126
640 1127
510 1128
682 1129
198 1130
1014 1131
666 1132
22 1133
213 1134
283 1135
856 1136
252 1137
278 1138
949 1139
1047 1140
47 1141
205 1142
288 1143
710 1144
98 1145
104 1146
428 1147
683 1148
163 1149
1107 1150
452 1151
118 1152
516 1153
882 1154
376 1155
328 1156
603 1157
359 1158
141 1159
47 1160
914 1161
814 1162
1147 1163
505 1164
275 1165
939 1166
415 1167
506 1168
1024 1169
951 1170
733 1171
332 1172
871 1173
851 1174
250 1175
1056 1176
289 1177
15 1178
831 1179
176 1180
1150 1181
1122 1182
1035 1183
842 1184
748 1185
5 1186
1050 1187
721 1188
77 1189
100 1190
536 1191
874 1192
353 1193
887 1194
500 1195
177 1196
784 1197
388 1198
1133 1199
1121 1200
673 1201
919 1202
455 1203
835 1204
945 1205
806 1206
238 1207
567 1208
844 1209
66 1210
497 1211
265 1212
771 1213
663 1214
247 1215
62 1216
167 1217
293 1218
396 1219
985 1220
61 1221
638 1222
1125 1223
427 1224
592 1225
1007 1226
913 1227
1146 1228
398 1229
760 1230
917 1231
300 1232
621 1233
128 1234
744 1235
373 1236
1136 1237
344 1238
736 1239
697 1240
805 1241
853 1242
246 1243
563 1244
601 1245
293 1246
207 1247
828 1248
616 1249
478 1250
1041 1251
928 1252
291 1253
1060 1254
767 1255
986 1256
533 1257
1029 1258
214 1259
178 1260
1022 1261
230 1262
878 1263
297 1264
427 1265
574 1266
395 1267
310 1268
333 1269
747 1270
602 1271
914 1272
254 1273
84 1274
1039 1275
84 1276
229 1277
626 1278
1080 1279
1209 1280
551 1281
1013 1282
1255 1283
415 1284
585 1285
1167 1286
269 1287
1231 1288
857 1289
599 1290
896 1291
835 1292
442 1293
303 1294
859 1295
802 1296
25 1297
454 1298
349 1299
988 1300
418 1301
78 1302
509 1303
1161 1304
684 1305
117 1306
490 1307
12 1308
307 1309
68 1310
206 1311
716 1312
421 1313
1235 1314
1158 1315
1240 1316
621 1317
340 1318
142 1319
862 1320
580 1321
175 1322
779 1323
457 1324
1136 1325
874 1326
290 1327
1072 1328
774 1329
175 1330
906 1331
1145 1332
807 1333
752 1334
1066 1335
1063 1336
417 1337
1192 1338
782 1339
410 1340
573 1341
1153 1342
220 1343
505 1344
349 1345
1031 1346
1303 1347
343 1348
1150 1349
330 1350
764 1351
733 1352
17 1353
1314 1354
121 1355
156 1356
1251 1357
1238 1358
580 1359
954 1360
954 1361
1292 1362
95 1363
435 1364
504 1365
845 1366
380 1367
602 1368
1319 1369
756 1370
521 1371
861 1372
1271 1373
608 1374
779 1375
974 1376
405 1377
627 1378
404 1379
348 1380
627 1381
11 1382
129 1383
1070 1384
437 1385
384 1386
1345 1387
1006 1388
1363 1389
1346 1390
934 1391
1079 1392
1014 1393
366 1394
433 1395
503 1396
153 1397
775 1398
1111 1399
814 1400
1223 1401
179 1402
184 1403
764 1404
917 1405
584 1406
547 1407
1077 1408
994 1409
619 1410
1108 1411
835 1412
1299 1413
770 1414
515 1415
1377 1416
1321 1417
460 1418
301 1419
865 1420
721 1421
1245 1422
565 1423
186 1424
121 1425
715 1426
130 1427
622 1428
1140 1429
703 1430
382 1431
838 1432
821 1433
606 1434
17 1435
721 1436
1217 1437
1106 1438
915 1439
979 1440
1360 1441
1283 1442
1409 1443
1355 1444
1339 1445
91 1446
412 1447
1354 1448
901 1449
116 1450
757 1451
793 1452
106 1453
583 1454
804 1455
663 1456
1309 1457
1374 1458
1140 1459
17 1460
213 1461
1089 1462
647 1463
1158 1464
1120 1465
541 1466
803 1467
360 1468
390 1469
1314 1470
216 1471
985 1472
1313 1473
857 1474
1178 1475
876 1476
749 1477
158 1478
1454 1479
108 1480
90 1481
1068 1482
1279 1483
882 1484
615 1485
1051 1486
1049 1487
413 1488
1258 1489
442 1490
287 1491
1342 1492
204 1493
529 1494
1460 1495
995 1496
914 1497
1039 1498
1192 1499
698 1500
1131 1501
330 1502
77 1503
637 1504
846 1505
1020 1506
153 1507
138 1508
169 1509
1246 1510
482 1511
708 1512
1024 1513
849 1514
1271 1515
1266 1516
1236 1517
1406 1518
233 1519
428 1520
1379 1521
263 1522
1395 1523
249 1524
1499 1525
920 1526
862 1527
1247 1528
219 1529
1244 1530
985 1531
1102 1532
1530 1533
440 1534
787 1535
1313 1536
476 1537
78 1538
1531 1539
897 1540
548 1541
230 1542
92 1543
414 1544
1127 1545
575 1546
558 1547
17 1548
1044 1549
1191 1550
514 1551
1186 1552
906 1553
1081 1554
408 1555
642 1556
271 1557
229 1558
478 1559
535 1560
388 1561
451 1562
1477 1563
1248 1564
792 1565
1150 1566
551 1567
1201 1568
1125 1569
1385 1570
433 1571
275 1572
1003 1573
1571 1574
1230 1575
240 1576
938 1577
115 1578
348 1579
331 1580
839 1581
881 1582
1207 1583
1474 1584
1494 1585
1133 1586
1192 1587
1048 1588
446 1589
1176 1590
413 1591
26 1592
922 1593
942 1594
57 1595
1099 1596
258 1597
384 1598
350 1599
371 1600
475 1601
1225 1602
595 1603
810 1604
67 1605
422 1606
933 1607
563 1608
1015 1609
1345 1610
60 1611
563 1612
484 1613
1164 1614
1565 1615
330 1616
1206 1617
1265 1618
509 1619
18 1620
329 1621
1431 1622
542 1623
1016 1624
18 1625
1148 1626
479 1627
617 1628
924 1629
1389 1630
1213 1631
1053 1632
634 1633
1626 1634
1037 1635
240 1636
1525 1637
276 1638
157 1639
568 1640
1329 1641
389 1642
122 1643
1281 1644
1378 1645
717 1646
963 1647
648 1648
761 1649
971 1650
379 1651
1016 1652
791 1653
787 1654
1604 1655
1600 1656
1064 1657
120 1658
54 1659
676 1660
1025 1661
919 1662
1264 1663
386 1664
335 1665
1469 1666
1241 1667
98 1668
783 1669
1188 1670
1176 1671
289 1672
210 1673
530 1674
1347 1675
1343 1676
573 1677
1667 1678
1279 1679
1370 1680
92 1681
282 1682
898 1683
1298 1684
1530 1685
879 1686
307 1687
701 1688
648 1689
1189 1690
1486 1691
1255 1692
1398 1693
953 1694
737 1695
798 1696
442 1697
1209 1698
540 1699
602 1700
367 1701
502 1702
369 1703
1382 1704
1701 1705
1355 1706
720 1707
193 1708
173 1709
1448 1710
949 1711
1536 1712
1157 1713
1261 1714
1647 1715
1611 1716
1488 1717
1547 1718
1690 1719
344 1720
294 1721
1355 1722
1571 1723
1237 1724
965 1725
1307 1726
643 1727
3 1728
1315 1729
1191 1730
81 1731
67 1732
1227 1733
1388 1734
1030 1735
707 1736
1328 1737
970 1738
1514 1739
149 1740
522 1741
1495 1742
112 1743
116 1744
1152 1745
415 1746
694 1747
747 1748
584 1749
1583 1750
860 1751
467 1752
1397 1753
1315 1754
137 1755
604 1756
732 1757
902 1758
328 1759
1132 1760
194 1761
832 1762
427 1763
1472 1764
453 1765
1416 1766
527 1767
302 1768
930 1769
317 1770
1103 1771
1572 1772
627 1773
206 1774
314 1775
995 1776
623 1777
1684 1778
964 1779
989 1780
655 1781
952 1782
1339 1783
1476 1784
1541 1785
1634 1786
594 1787
1733 1788
1214 1789
289 1790
1417 1791
104 1792
525 1793
1743 1794
166 1795
590 1796
850 1797
780 1798
1304 1799
1668 1800
773 1801
579 1802
299 1803
1663 1804
163 1805
304 1806
688 1807
1398 1808
449 1809
1641 1810
504 1811
1151 1812
1676 1813
445 1814
427 1815
204 1816
1633 1817
359 1818
1564 1819
1716 1820
114 1821
1724 1822
1505 1823
1146 1824
1178 1825
50 1826
1425 1827
382 1828
1475 1829
139 1830
1317 1831
465 1832
1153 1833
1347 1834
1150 1835
4 1836
1362 1837
815 1838
1192 1839
68 1840
781 1841
344 1842
895 1843
1793 1844
377 1845
1059 1846
195 1847
1833 1848
631 1849
829 1850
1807 1851
1537 1852
1611 1853
561 1854
1707 1855
1726 1856
1047 1857
1036 1858
421 1859
1031 1860
1070 1861
763 1862
48 1863
468 1864
146 1865
446 1866
43 1867
1283 1868
1581 1869
361 1870
357 1871
842 1872
331 1873
991 1874
1159 1875
1049 1876
1515 1877
1227 1878
1479 1879
438 1880
1186 1881
1867 1882
365 1883
1598 1884
110 1885
1560 1886
1537 1887
1323 1888
1243 1889
1270 1890
34 1891
1297 1892
806 1893
1658 1894
1385 1895
959 1896
531 1897
334 1898
1739 1899
1834 1900
1512 1901
414 1902
799 1903
1508 1904
213 1905
237 1906
649 1907
1461 1908
547 1909
970 1910
465 1911
422 1912
1560 1913
107 1914
1297 1915
1031 1916
926 1917
489 1918
368 1919
1021 1920
1240 1921
1776 1922
230 1923
1684 1924
863 1925
1738 1926
735 1927
1659 1928
1906 1929
376 1930
477 1931
1178 1932
1309 1933
1065 1934
1277 1935
315 1936
1255 1937
1673 1938
747 1939
26 1940
1142 1941
731 1942
626 1943
716 1944
1888 1945
1325 1946
96 1947
1339 1948
871 1949
1856 1950
490 1951
1269 1952
1442 1953
1358 1954
910 1955
1082 1956
1001 1957
1535 1958
390 1959
152 1960
974 1961
338 1962
559 1963
969 1964
1684 1965
769 1966
199 1967
1547 1968
369 1969
1407 1970
1575 1971
584 1972
615 1973
263 1974
368 1975
1474 1976
1448 1977
364 1978
649 1979
779 1980
472 1981
1232 1982
949 1983
453 1984
154 1985
377 1986
510 1987
1327 1988
645 1989
917 1990
1556 1991
1149 1992
720 1993
993 1994
1877 1995
1093 1996
873 1997
1709 1998
57 1999
490 2000
667 2001
1880 2002
1483 2003
229 2004
406 2005
446 2006
66 2007
746 2008
711 2009
543 2010
501 2011
1192 2012
247 2013
1019 2014
830 2015
1224 2016
1382 2017
1950 2018
1920 2019
754 2020
36 2021
1174 2022
1046 2023
258 2024
411 2025
1987 2026
1834 2027
1139 2028
23 2029
408 2030
1159 2031
995 2032
1473 2033
933 2034
1543 2035
589 2036
312 2037
555 2038
2018 2039
788 2040
729 2041
752 2042
1917 2043
128 2044
1330 2045
1146 2046
1524 2047
1723 2048
411 2049
1514 2050
1212 2051
139 2052
515 2053
821 2054
1795 2055
118 2056
1043 2057
943 2058
614 2059
716 2060
788 2061
189 2062
917 2063
1395 2064
562 2065
935 2066
536 2067
300 2068
1146 2069
996 2070
1126 2071
1235 2072
678 2073
223 2074
700 2075
68 2076
2043 2077
774 2078
194 2079
242 2080
1487 2081
29 2082
206 2083
1311 2084
1700 2085
1508 2086
2016 2087
1001 2088
796 2089
951 2090
2013 2091
538 2092
178 2093
1171 2094
1230 2095
810 2096
1061 2097
19 2098
1464 2099
292 2100
1664 2101
1062 2102
560 2103
228 2104
513 2105
1829 2106
1995 2107
106 2108
1864 2109
370 2110
1148 2111
1793 2112
397 2113
1484 2114
1996 2115
80 2116
2009 2117
87 2118
323 2119
351 2120
2017 2121
128 2122
1903 2123
939 2124
772 2125
1853 2126
136 2127
1176 2128
416 2129
327 2130
1949 2131
521 2132
2029 2133
829 2134
919 2135
539 2136
2130 2137
1941 2138
2014 2139
1323 2140
1788 2141
962 2142
512 2143
1273 2144
1391 2145
1842 2146
1715 2147
1205 2148
1313 2149
68 2150
2094 2151
695 2152
1546 2153
1913 2154
311 2155
967 2156
2059 2157
1051 2158
537 2159
1799 2160
1242 2161
1647 2162
1334 2163
1136 2164
571 2165
1199 2166
1140 2167
1142 2168
1194 2169
1841 2170
2053 2171
690 2172
372 2173
936 2174
1662 2175
69 2176
435 2177
1812 2178
1131 2179
360 2180
907 2181
1312 2182
1888 2183
2143 2184
1531 2185
569 2186
68 2187
879 2188
1978 2189
1477 2190
983 2191
974 2192
1054 2193
2163 2194
851 2195
1463 2196
1760 2197
1936 2198
1878 2199
205 2200
210 2201
516 2202
1424 2203
2182 2204
1449 2205
854 2206
1020 2207
968 2208
1348 2209
2011 2210
546 2211
1757 2212
661 2213
989 2214
2104 2215
2161 2216
1052 2217
2149 2218
1268 2219
910 2220
420 2221
2063 2222
98 2223
367 2224
2151 2225
1170 2226
1997 2227
1734 2228
1035 2229
1372 2230
1879 2231
647 2232
548 2233
1703 2234
735 2235
171 2236
1817 2237
1156 2238
1101 2239
1953 2240
1870 2241
1043 2242
691 2243
809 2244
434 2245
935 2246
414 2247
330 2248
2203 2249
683 2250
947 2251
1793 2252
543 2253
298 2254
1938 2255
1530 2256
1321 2257
2136 2258
1513 2259
2093 2260
1290 2261
1147 2262
1022 2263
1448 2264
1774 2265
1588 2266
128 2267
1746 2268
520 2269
70 2270
33 2271
919 2272
695 2273
2180 2274
726 2275
1896 2276
2236 2277
1034 2278
1052 2279
1799 2280
425 2281
1486 2282
1725 2283
1183 2284
1848 2285
1828 2286
845 2287
918 2288
1167 2289
777 2290
934 2291
258 2292
206 2293
152 2294
1035 2295
2129 2296
1 2297
774 2298
151 2299
1277 2300
2233 2301
928 2302
1081 2303
1916 2304
823 2305
797 2306
617 2307
2166 2308
464 2309
222 2310
33 2311
1886 2312
1443 2313
297 2314
780 2315
555 2316
1502 2317
1525 2318
183 2319
788 2320
2283 2321
2023 2322
1822 2323
605 2324
1702 2325
1582 2326
808 2327
1350 2328
810 2329
878 2330
1831 2331
438 2332
247 2333
1417 2334
569 2335
340 2336
182 2337
324 2338
1055 2339
698 2340
1501 2341
813 2342
626 2343
1588 2344
2224 2345
1915 2346
1772 2347
1283 2348
240 2349
26 2350
2189 2351
871 2352
1719 2353
1166 2354
1532 2355
1636 2356
2020 2357
1282 2358
499 2359
1257 2360
2055 2361
1666 2362
850 2363
1978 2364
2356 2365
2136 2366
607 2367
1569 2368
77 2369
1592 2370
2265 2371
485 2372
2078 2373
553 2374
2001 2375
322 2376
2202 2377
287 2378
46 2379
2167 2380
1024 2381
349 2382
973 2383
2220 2384
2372 2385
728 2386
52 2387
1531 2388
405 2389
1800 2390
1724 2391
1561 2392
1061 2393
697 2394
1257 2395
1418 2396
1832 2397
444 2398
1021 2399
29 2400
266 2401
1076 2402
435 2403
2188 2404
1973 2405
611 2406
488 2407
779 2408
996 2409
1115 2410
179 2411
2388 2412
2147 2413
1045 2414
190 2415
2132 2416
81 2417
631 2418
1562 2419
1647 2420
2197 2421
2407 2422
1038 2423
1003 2424
1812 2425
1038 2426
920 2427
977 2428
1108 2429
1893 2430
316 2431
603 2432
1901 2433
984 2434
72 2435
1132 2436
2050 2437
1586 2438
1775 2439
2137 2440
1314 2441
714 2442
2340 2443
496 2444
739 2445
1420 2446
1086 2447
2443 2448
2078 2449
2079 2450
1381 2451
1632 2452
1714 2453
411 2454
204 2455
2409 2456
1026 2457
21 2458
1710 2459
854 2460
1236 2461
1434 2462
2094 2463
2086 2464
2279 2465
575 2466
1 2467
690 2468
1148 2469
107 2470
1282 2471
1779 2472
2148 2473
1308 2474
1 2475
1518 2476
494 2477
557 2478
1802 2479
377 2480
2355 2481
303 2482
1074 2483
401 2484
2010 2485
1991 2486
951 2487
2132 2488
937 2489
1716 2490
234 2491
831 2492
474 2493
2476 2494
137 2495
1426 2496
1668 2497
1162 2498
2496 2499
1708 2500
103 2501
2189 2502
407 2503
2247 2504
2314 2505
1794 2506
643 2507
227 2508
944 2509
1485 2510
2073 2511
2284 2512
1626 2513
33 2514
423 2515
1127 2516
1661 2517
1301 2518
332 2519
1172 2520
293 2521
1059 2522
1398 2523
997 2524
957 2525
616 2526
2473 2527
1371 2528
1080 2529
1772 2530
300 2531
467 2532
446 2533
2437 2534
269 2535
2346 2536
1685 2537
2084 2538
2534 2539
1073 2540
1110 2541
180 2542
2090 2543
1145 2544
634 2545
166 2546
1180 2547
2223 2548
719 2549
694 2550
2354 2551
212 2552
133 2553
1813 2554
1727 2555
637 2556
1219 2557
170 2558
1713 2559
2131 2560
2499 2561
2091 2562
2322 2563
1731 2564
79 2565
398 2566
666 2567
939 2568
1641 2569
1912 2570
1472 2571
246 2572
1650 2573
1935 2574
789 2575
853 2576
2132 2577
6 2578
1317 2579
2339 2580
1240 2581
1717 2582
322 2583
1865 2584
1593 2585
144 2586
1367 2587
1910 2588
1650 2589
214 2590
1250 2591
1462 2592
107 2593
1293 2594
2165 2595
811 2596
1019 2597
1343 2598
1220 2599
2352 2600
321 2601
895 2602
164 2603
445 2604
642 2605
866 2606
2465 2607
2022 2608
1522 2609
2418 2610
2216 2611
2564 2612
2138 2613
690 2614
387 2615
2390 2616
1606 2617
707 2618
1938 2619
521 2620
2174 2621
1340 2622
1818 2623
2557 2624
2407 2625
1620 2626
1633 2627
2200 2628
492 2629
2379 2630
839 2631
1745 2632
862 2633
1202 2634
1091 2635
1831 2636
1115 2637
1305 2638
2468 2639
1196 2640
2289 2641
790 2642
321 2643
2404 2644
1675 2645
2489 2646
702 2647
1512 2648
2105 2649
1146 2650
934 2651
2302 2652
148 2653
2292 2654
1472 2655
950 2656
838 2657
1970 2658
1265 2659
99 2660
1500 2661
1339 2662
2485 2663
1561 2664
2188 2665
1872 2666
2394 2667
2273 2668
1754 2669
315 2670
2573 2671
109 2672
1952 2673
1359 2674
2602 2675
110 2676
1157 2677
2248 2678
2169 2679
1661 2680
1105 2681
958 2682
1515 2683
2142 2684
100 2685
1947 2686
2644 2687
1937 2688
1015 2689
588 2690
791 2691
369 2692
740 2693
1143 2694
1836 2695
440 2696
2168 2697
2575 2698
2592 2699
1063 2700
1481 2701
1196 2702
2683 2703
2563 2704
2589 2705
2692 2706
2384 2707
390 2708
38 2709
433 2710
322 2711
296 2712
1968 2713
197 2714
192 2715
757 2716
41 2717
438 2718
2225 2719
381 2720
1619 2721
2560 2722
2048 2723
1671 2724
419 2725
1617 2726
961 2727
982 2728
832 2729
1605 2730
1147 2731
1578 2732
739 2733
146 2734
487 2735
1539 2736
628 2737
734 2738
1145 2739
557 2740
147 2741
944 2742
1892 2743
968 2744
832 2745
2076 2746
792 2747
2125 2748
2196 2749
169 2750
1999 2751
1231 2752
2281 2753
1941 2754
2427 2755
200 2756
1791 2757
1354 2758
1095 2759
2595 2760
772 2761
1996 2762
2378 2763
1822 2764
2168 2765
2144 2766
1856 2767
2530 2768
1444 2769
2727 2770
1860 2771
2697 2772
557 2773
1016 2774
2741 2775
950 2776
1065 2777
1461 2778
2499 2779
1918 2780
1019 2781
1996 2782
1459 2783
1259 2784
1123 2785
864 2786
1301 2787
242 2788
2478 2789
2173 2790
1893 2791
847 2792
1873 2793
164 2794
2529 2795
1165 2796
1806 2797
1026 2798
944 2799
1977 2800
2084 2801
1798 2802
1921 2803
2444 2804
415 2805
2345 2806
292 2807
790 2808
1029 2809
1115 2810
2683 2811
1932 2812
1611 2813
1056 2814
1396 2815
1122 2816
1572 2817
2743 2818
1534 2819
2757 2820
46 2821
32 2822
1731 2823
2465 2824
55 2825
1271 2826
602 2827
2026 2828
2074 2829
432 2830
4 2831
975 2832
2232 2833
600 2834
1012 2835
1200 2836
2322 2837
33 2838
766 2839
28 2840
276 2841
2483 2842
1175 2843
495 2844
2669 2845
1263 2846
623 2847
2530 2848
2680 2849
1883 2850
205 2851
746 2852
2741 2853
342 2854
1991 2855
755 2856
493 2857
1719 2858
493 2859
2753 2860
1844 2861
732 2862
2601 2863
1459 2864
609 2865
354 2866
2623 2867
1238 2868
1031 2869
69 2870
719 2871
2629 2872
952 2873
2572 2874
2608 2875
1674 2876
974 2877
1529 2878
2581 2879
2355 2880
1224 2881
2413 2882
262 2883
2704 2884
2862 2885
1163 2886
1538 2887
758 2888
1976 2889
90 2890
895 2891
2775 2892
2087 2893
2474 2894
1639 2895
304 2896
830 2897
1142 2898
1123 2899
2353 2900
946 2901
1280 2902
350 2903
1392 2904
1769 2905
207 2906
429 2907
834 2908
1596 2909
2268 2910
2350 2911
993 2912
467 2913
10 2914
1781 2915
1955 2916
1412 2917
733 2918
2626 2919
1031 2920
1021 2921
865 2922
2332 2923
233 2924
2458 2925
2487 2926
473 2927
165 2928
857 2929
1914 2930
2191 2931
1112 2932
2648 2933
201 2934
2288 2935
1790 2936
293 2937
2732 2938
505 2939
1744 2940
1842 2941
2616 2942
2545 2943
1969 2944
2413 2945
474 2946
1991 2947
626 2948
2115 2949
967 2950
1725 2951
1197 2952
1331 2953
1872 2954
29 2955
1139 2956
42 2957
2866 2958
152 2959
1668 2960
384 2961
529 2962
894 2963
561 2964
2591 2965
818 2966
331 2967
692 2968
2061 2969
1073 2970
165 2971
2017 2972
2031 2973
2316 2974
942 2975
1829 2976
2876 2977
979 2978
1911 2979
988 2980
813 2981
1611 2982
1415 2983
804 2984
1285 2985
2037 2986
1312 2987
2806 2988
2745 2989
2054 2990
662 2991
1357 2992
1816 2993
1656 2994
2029 2995
1546 2996
431 2997
2112 2998
99 2999
2737 3000
2964 3001
2055 3002
776 3003
375 3004
202 3005
2662 3006
1753 3007
2783 3008
378 3009
881 3010
95 3011
97 3012
1645 3013
601 3014
992 3015
43 3016
1654 3017
1213 3018
1073 3019
1271 3020
1277 3021
2996 3022
2236 3023
2816 3024
2126 3025
301 3026
19 3027
1285 3028
1019 3029
2594 3030
1719 3031
2475 3032
1518 3033
2579 3034
2063 3035
218 3036
1921 3037
1323 3038
1155 3039
1143 3040
118 3041
64 3042
2402 3043
2992 3044
618 3045
383 3046
268 3047
151 3048
827 3049
847 3050
2230 3051
1319 3052
756 3053
1694 3054
2915 3055
508 3056
2759 3057
2327 3058
2199 3059
1497 3060
1033 3061
2778 3062
3047 3063
1480 3064
2623 3065
2595 3066
2508 3067
2452 3068
1406 3069
1770 3070
1707 3071
1636 3072
2018 3073
2338 3074
577 3075
325 3076
35 3077
498 3078
928 3079
1904 3080
365 3081
53 3082
2349 3083
1993 3084
653 3085
365 3086
1079 3087
2669 3088
2703 3089
538 3090
2918 3091
3072 3092
1618 3093
2423 3094
2273 3095
160 3096
1653 3097
2248 3098
2804 3099
804 3100
71 3101
2626 3102
2009 3103
15 3104
2571 3105
2023 3106
356 3107
461 3108
1837 3109
1830 3110
2298 3111
945 3112
1724 3113
367 3114
1145 3115
1794 3116
2181 3117
2566 3118
2764 3119
2663 3120
1000 3121
2817 3122
128 3123
1092 3124
2031 3125
1574 3126
2118 3127
1175 3128
2487 3129
679 3130
2530 3131
2195 3132
97 3133
2941 3134
1811 3135
428 3136
555 3137
1850 3138
896 3139
440 3140
3140 3141
1519 3142
1729 3143
249 3144
969 3145
89 3146
2373 3147
1598 3148
2898 3149
2144 3150
1121 3151
2807 3152
2313 3153
1533 3154
522 3155
2208 3156
1573 3157
942 3158
2241 3159
557 3160
3043 3161
701 3162
1304 3163
446 3164
1750 3165
132 3166
2284 3167
3079 3168
3088 3169
531 3170
2903 3171
2547 3172
1849 3173
1395 3174
2018 3175
1572 3176
2931 3177
1640 3178
1669 3179
48 3180
2335 3181
1806 3182
2120 3183
544 3184
2749 3185
2324 3186
2145 3187
1978 3188
977 3189
2366 3190
1419 3191
927 3192
555 3193
2532 3194
1798 3195
1271 3196
949 3197
2720 3198
789 3199
1541 3200
1457 3201
2792 3202
2284 3203
1747 3204
659 3205
3205 3206
86 3207
1338 3208
416 3209
591 3210
1319 3211
1750 3212
1929 3213
2664 3214
2575 3215
55 3216
1920 3217
717 3218
2774 3219
1045 3220
1808 3221
55 3222
874 3223
874 3224
1977 3225
352 3226
2044 3227
565 3228
761 3229
1024 3230
586 3231
1233 3232
2452 3233
3069 3234
1638 3235
2529 3236
2454 3237
1927 3238
790 3239
1150 3240
1911 3241
2637 3242
1039 3243
1656 3244
456 3245
2004 3246
1491 3247
610 3248
3208 3249
2666 3250
459 3251
1878 3252
1732 3253
2506 3254
1620 3255
916 3256
2577 3257
2495 3258
1563 3259
2003 3260
3223 3261
1792 3262
2873 3263
1761 3264
3203 3265
278 3266
249 3267
1895 3268
445 3269
1028 3270
1858 3271
1331 3272
315 3273
1660 3274
422 3275
2786 3276
2065 3277
483 3278
1060 3279
1709 3280
2743 3281
237 3282
1976 3283
2055 3284
1224 3285
670 3286
2373 3287
2674 3288
952 3289
1911 3290
3072 3291
1058 3292
84 3293
914 3294
1886 3295
503 3296
2121 3297
618 3298
3193 3299
587 3300
248 3301
2792 3302
1003 3303
731 3304
289 3305
1782 3306
2190 3307
986 3308
895 3309
2341 3310
2186 3311
2144 3312
728 3313
324 3314
3176 3315
407 3316
1316 3317
2278 3318
1856 3319
2200 3320
440 3321
1898 3322
1578 3323
1001 3324
2634 3325
552 3326
2853 3327
1947 3328
2617 3329
567 3330
814 3331
1055 3332
1148 3333
1134 3334
1451 3335
2207 3336
1153 3337
3181 3338
2502 3339
1006 3340
1202 3341
2332 3342
16 3343
2248 3344
1093 3345
2321 3346
1299 3347
3049 3348
3156 3349
844 3350
1660 3351
2166 3352
127 3353
3007 3354
1192 3355
2630 3356
2366 3357
2517 3358
1834 3359
3238 3360
716 3361
2407 3362
1052 3363
456 3364
301 3365
737 3366
2040 3367
242 3368
593 3369
1762 3370
3158 3371
1087 3372
1939 3373
3145 3374
3000 3375
1347 3376
2127 3377
937 3378
1764 3379
301 3380
26 3381
813 3382
3166 3383
2852 3384
1514 3385
71 3386
2745 3387
2763 3388
1422 3389
1087 3390
1196 3391
317 3392
200 3393
2792 3394
3162 3395
1142 3396
897 3397
1050 3398
1946 3399
2449 3400
284 3401
3264 3402
2256 3403
1346 3404
226 3405
1447 3406
2247 3407
2679 3408
252 3409
1756 3410
1009 3411
301 3412
1380 3413
3248 3414
2534 3415
2875 3416
470 3417
2321 3418
1267 3419
2255 3420
996 3421
309 3422
1148 3423
2860 3424
3329 3425
1243 3426
3316 3427
3147 3428
2101 3429
637 3430
186 3431
820 3432
1116 3433
2265 3434
1640 3435
1524 3436
130 3437
1272 3438
978 3439
2793 3440
359 3441
934 3442
2583 3443
1784 3444
570 3445
484 3446
642 3447
539 3448
3262 3449
3115 3450
11 3451
1848 3452
2631 3453
3020 3454
1474 3455
2675 3456
30 3457
571 3458
2354 3459
1184 3460
233 3461
3064 3462
702 3463
77 3464
2411 3465
2560 3466
2702 3467
228 3468
823 3469
398 3470
2938 3471
1023 3472
2415 3473
2401 3474
3060 3475
2565 3476
2189 3477
654 3478
189 3479
1825 3480
2000 3481
2072 3482
2444 3483
2315 3484
2812 3485
2678 3486
2506 3487
1097 3488
3458 3489
375 3490
957 3491
1915 3492
835 3493
3115 3494
1746 3495
344 3496
1357 3497
3421 3498
2833 3499
138 3500
2299 3501
3012 3502
423 3503
2901 3504
847 3505
2357 3506
167 3507
2410 3508
3295 3509
2807 3510
360 3511
3294 3512
869 3513
3193 3514
2553 3515
153 3516
2777 3517
3162 3518
2596 3519
1422 3520
696 3521
466 3522
1315 3523
283 3524
188 3525
3265 3526
1931 3527
1064 3528
861 3529
3429 3530
2306 3531
3137 3532
1991 3533
893 3534
2943 3535
633 3536
2226 3537
2466 3538
1347 3539
2737 3540
685 3541
755 3542
516 3543
1268 3544
2465 3545
2612 3546
393 3547
947 3548
3112 3549
3324 3550
555 3551
2444 3552
2258 3553
1923 3554
1302 3555
1162 3556
1675 3557
2297 3558
2798 3559
1617 3560
3328 3561
351 3562
3258 3563
2650 3564
236 3565
1223 3566
1924 3567
2893 3568
3399 3569
3466 3570
1977 3571
3077 3572
330 3573
84 3574
3182 3575
2433 3576
1603 3577
1422 3578
2085 3579
1013 3580
358 3581
2530 3582
1933 3583
2062 3584
2795 3585
2612 3586
1488 3587
2437 3588
515 3589
2404 3590
925 3591
1614 3592
314 3593
205 3594
2476 3595
2 3596
797 3597
2623 3598
3473 3599
2257 3600
3076 3601
2416 3602
2393 3603
2492 3604
2387 3605
3016 3606
806 3607
155 3608
939 3609
266 3610
1445 3611
1681 3612
2341 3613
3101 3614
2525 3615
2993 3616
700 3617
1740 3618
1752 3619
3501 3620
1639 3621
2470 3622
2369 3623
1780 3624
1849 3625
2267 3626
1459 3627
1524 3628
680 3629
2443 3630
880 3631
2743 3632
3238 3633
2329 3634
1061 3635
1549 3636
2893 3637
1003 3638
2423 3639
2080 3640
3146 3641
280 3642
1927 3643
1921 3644
1948 3645
3572 3646
873 3647
2681 3648
378 3649
2314 3650
1638 3651
1101 3652
2135 3653
576 3654
1824 3655
3562 3656
1161 3657
3270 3658
677 3659
130 3660
854 3661
310 3662
2609 3663
5 3664
1996 3665
206 3666
1838 3667
2878 3668
673 3669
2036 3670
2961 3671
545 3672
2494 3673
36 3674
3048 3675
1997 3676
684 3677
605 3678
3513 3679
2811 3680
423 3681
476 3682
1594 3683
2541 3684
1283 3685
3216 3686
1446 3687
706 3688
1463 3689
3362 3690
916 3691
3079 3692
2330 3693
1028 3694
1055 3695
2242 3696
1640 3697
3102 3698
630 3699
2760 3700
2403 3701
2101 3702
1307 3703
1242 3704
2574 3705
2197 3706
791 3707
594 3708
2754 3709
166 3710
293 3711
2750 3712
3024 3713
331 3714
630 3715
2218 3716
2693 3717
560 3718
65 3719
1041 3720
3151 3721
1106 3722
675 3723
3299 3724
2394 3725
2646 3726
2523 3727
1709 3728
477 3729
3316 3730
3019 3731
2114 3732
2111 3733
3477 3734
1235 3735
522 3736
2085 3737
2891 3738
3077 3739
3490 3740
927 3741
3468 3742
574 3743
2576 3744
2780 3745
1000 3746
2598 3747
2039 3748
3410 3749
856 3750
548 3751
843 3752
1004 3753
1637 3754
3630 3755
305 3756
2617 3757
3478 3758
211 3759
2883 3760
1000 3761
1308 3762
943 3763
304 3764
2111 3765
1828 3766
2324 3767
3756 3768
443 3769
3621 3770
2600 3771
3379 3772
3459 3773
1419 3774
208 3775
2359 3776
3321 3777
2938 3778
1286 3779
1117 3780
792 3781
1347 3782
3680 3783
2090 3784
22 3785
377 3786
1439 3787
2157 3788
295 3789
3491 3790
1441 3791
2203 3792
2442 3793
818 3794
2268 3795
2956 3796
3081 3797
154 3798
3220 3799
812 3800
431 3801
2107 3802
2107 3803
383 3804
3439 3805
2945 3806
576 3807
3113 3808
199 3809
3165 3810
3282 3811
925 3812
1870 3813
2678 3814
1360 3815
256 3816
2093 3817
550 3818
629 3819
3273 3820
1810 3821
94 3822
1376 3823
880 3824
3475 3825
1306 3826
2867 3827
3346 3828
2610 3829
3507 3830
515 3831
2534 3832
177 3833
3308 3834
3348 3835
2689 3836
452 3837
2238 3838
575 3839
799 3840
2403 3841
1136 3842
233 3843
3392 3844
1854 3845
3151 3846
1370 3847
328 3848
582 3849
3826 3850
2255 3851
3417 3852
609 3853
497 3854
44 3855
8 3856
1722 3857
2747 3858
1151 3859
2533 3860
2732 3861
1817 3862
719 3863
1138 3864
3327 3865
3556 3866
1583 3867
3412 3868
3813 3869
3151 3870
523 3871
1990 3872
2511 3873
1426 3874
2636 3875
1703 3876
390 3877
2148 3878
156 3879
1347 3880
2956 3881
8 3882
227 3883
3492 3884
2644 3885
1112 3886
221 3887
1039 3888
2254 3889
1265 3890
256 3891
529 3892
1225 3893
3834 3894
726 3895
2893 3896
1918 3897
2393 3898
2718 3899
3198 3900
3752 3901
248 3902
1909 3903
55 3904
866 3905
209 3906
2042 3907
1936 3908
495 3909
241 3910
667 3911
2201 3912
2809 3913
2914 3914
2244 3915
2463 3916
1419 3917
1303 3918
2871 3919
3785 3920
1193 3921
2522 3922
3565 3923
1342 3924
463 3925
508 3926
3368 3927
2871 3928
721 3929
3137 3930
1598 3931
3192 3932
2420 3933
54 3934
2332 3935
2512 3936
2801 3937
2640 3938
3394 3939
2256 3940
1148 3941
576 3942
862 3943
2838 3944
848 3945
2665 3946
1652 3947
184 3948
1651 3949
1583 3950
2819 3951
3768 3952
1138 3953
2131 3954
2735 3955
883 3956
888 3957
249 3958
1852 3959
3624 3960
902 3961
3120 3962
339 3963
2128 3964
2322 3965
3810 3966
786 3967
220 3968
1545 3969
3883 3970
2059 3971
3743 3972
2805 3973
3631 3974
1372 3975
3463 3976
619 3977
16 3978
3020 3979
2559 3980
3247 3981
3928 3982
2297 3983
1116 3984
3377 3985
1188 3986
2763 3987
3094 3988
1295 3989
883 3990
837 3991
3297 3992
3381 3993
2449 3994
3096 3995
3115 3996
1128 3997
1952 3998
1315 3999
2170 4000
2211 4001
3511 4002
3484 4003
3621 4004
3099 4005
773 4006
2993 4007
1572 4008
2048 4009
766 4010
2354 4011
796 4012
949 4013
613 4014
3751 4015
2020 4016
1727 4017
639 4018
623 4019
2383 4020
1833 4021
700 4022
102 4023
2019 4024
483 4025
2226 4026
3965 4027
3915 4028
1847 4029
293 4030
2981 4031
3760 4032
986 4033
858 4034
3389 4035
2487 4036
2708 4037
2329 4038
2700 4039
725 4040
2722 4041
983 4042
3555 4043
1069 4044
816 4045
2336 4046
1442 4047
929 4048
1660 4049
87 4050
130 4051
3977 4052
3446 4053
1111 4054
3801 4055
1653 4056
1125 4057
814 4058
776 4059
4000 4060
910 4061
241 4062
3623 4063
998 4064
3611 4065
1221 4066
3634 4067
4016 4068
145 4069
1528 4070
3157 4071
1470 4072
2038 4073
121 4074
604 4075
936 4076
1785 4077
3976 4078
1934 4079
3218 4080
2225 4081
2520 4082
329 4083
61 4084
1907 4085
2191 4086
1093 4087
3475 4088
2191 4089
3 4090
279 4091
3418 4092
3969 4093
2616 4094
2479 4095
1744 4096
1783 4097
2861 4098
2886 4099
2293 4100
993 4101
3328 4102
3215 4103
2660 4104
1845 4105
1427 4106
2531 4107
2175 4108
2771 4109
3467 4110
2296 4111
2045 4112
2245 4113
685 4114
2340 4115
2992 4116
1533 4117
1966 4118
3495 4119
2104 4120
2977 4121
2225 4122
13 4123
625 4124
3491 4125
2145 4126
1509 4127
1504 4128
2221 4129
1470 4130
3354 4131
1497 4132
771 4133
3103 4134
3833 4135
3065 4136
4030 4137
83 4138
3268 4139
2848 4140
543 4141
2133 4142
891 4143
1763 4144
2468 4145
1914 4146
441 4147
58 4148
2915 4149
2150 4150
502 4151
651 4152
4027 4153
2069 4154
1088 4155
3084 4156
688 4157
3361 4158
2531 4159
2684 4160
3416 4161
3743 4162
2538 4163
1531 4164
1949 4165
2467 4166
4003 4167
980 4168
3736 4169
1624 4170
2886 4171
1023 4172
2850 4173
2523 4174
1000 4175
188 4176
1006 4177
2570 4178
1384 4179
1817 4180
3699 4181
939 4182
1572 4183
2140 4184
2790 4185
3010 4186
2612 4187
1080 4188
1691 4189
368 4190
1531 4191
1624 4192
4055 4193
2388 4194
3512 4195
4162 4196
220 4197
427 4198
1633 4199
272 4200
494 4201
2408 4202
3315 4203
557 4204
3363 4205
3948 4206
2841 4207
2380 4208
4067 4209
865 4210
2687 4211
3174 4212
3957 4213
2390 4214
3602 4215
3715 4216
809 4217
852 4218
583 4219
331 4220
3989 4221
1244 4222
384 4223
458 4224
1772 4225
2560 4226
520 4227
3620 4228
2806 4229
1489 4230
2443 4231
1675 4232
1850 4233
4131 4234
4193 4235
268 4236
998 4237
2935 4238
3622 4239
2747 4240
3209 4241
2785 4242
660 4243
3426 4244
877 4245
3662 4246
1558 4247
458 4248
3834 4249
3469 4250
1637 4251
3690 4252
553 4253
3040 4254
3212 4255
3549 4256
92 4257
3845 4258
217 4259
3347 4260
3208 4261
411 4262
3033 4263
4263 4264
3832 4265
1550 4266
2847 4267
585 4268
2515 4269
675 4270
1609 4271
2702 4272
2567 4273
1077 4274
2077 4275
2501 4276
2703 4277
3664 4278
3765 4279
884 4280
1925 4281
813 4282
2716 4283
3268 4284
2085 4285
188 4286
3806 4287
1709 4288
783 4289
1798 4290
1854 4291
2026 4292
592 4293
1559 4294
806 4295
3333 4296
579 4297
3062 4298
1098 4299
3578 4300
926 4301
1348 4302
1046 4303
1193 4304
26 4305
1153 4306
1179 4307
2951 4308
1167 4309
2915 4310
3623 4311
2111 4312
2029 4313
3791 4314
1787 4315
1354 4316
4146 4317
1397 4318
1352 4319
3822 4320
1379 4321
3581 4322
2013 4323
2016 4324
1920 4325
483 4326
35 4327
1974 4328
4327 4329
448 4330
316 4331
3226 4332
588 4333
3758 4334
2318 4335
3356 4336
724 4337
2858 4338
365 4339
2571 4340
107 4341
815 4342
3218 4343
3597 4344
240 4345
4032 4346
1887 4347
1552 4348
898 4349
2034 4350
1001 4351
2587 4352
3120 4353
416 4354
3231 4355
372 4356
2507 4357
3647 4358
2045 4359
2127 4360
3591 4361
1449 4362
3 4363
2451 4364
1208 4365
3029 4366
2413 4367
3013 4368
3101 4369
429 4370
4 4371
1432 4372
1420 4373
2760 4374
1590 4375
3879 4376
1943 4377
1180 4378
3214 4379
1338 4380
2780 4381
4134 4382
415 4383
4275 4384
1891 4385
1070 4386
1697 4387
1032 4388
1864 4389
728 4390
3307 4391
176 4392
1841 4393
1251 4394
4374 4395
1051 4396
3357 4397
2668 4398
1846 4399
1440 4400
2004 4401
3416 4402
3906 4403
3977 4404
3996 4405
607 4406
2061 4407
3669 4408
4351 4409
3854 4410
3639 4411
3098 4412
1696 4413
986 4414
4056 4415
2970 4416
1958 4417
1809 4418
4418 4419
533 4420
3526 4421
4033 4422
3468 4423
4252 4424
3646 4425
1872 4426
3610 4427
3318 4428
1765 4429
2761 4430
4030 4431
96 4432
4075 4433
3675 4434
3287 4435
1278 4436
779 4437
381 4438
991 4439
426 4440
1039 4441
1694 4442
1616 4443
3501 4444
1252 4445
3048 4446
497 4447
712 4448
2717 4449
1228 4450
1352 4451
289 4452
4352 4453
452 4454
2208 4455
1655 4456
3947 4457
572 4458
2151 4459
4001 4460
772 4461
3873 4462
2305 4463
2852 4464
4305 4465
353 4466
3992 4467
3780 4468
3677 4469
2035 4470
3377 4471
3889 4472
2059 4473
94 4474
2190 4475
1575 4476
464 4477
1130 4478
311 4479
4051 4480
4340 4481
3424 4482
3823 4483
1223 4484
4244 4485
2669 4486
3420 4487
4404 4488
2262 4489
2719 4490
4130 4491
2212 4492
3830 4493
3299 4494
2562 4495
147 4496
481 4497
3274 4498
4373 4499
825 4500
2251 4501
3366 4502
991 4503
1005 4504
3692 4505
4261 4506
450 4507
4492 4508
2730 4509
2486 4510
3032 4511
3753 4512
1824 4513
459 4514
978 4515
2590 4516
846 4517
1046 4518
646 4519
2131 4520
3740 4521
869 4522
851 4523
4129 4524
354 4525
2676 4526
2851 4527
4124 4528
3840 4529
444 4530
287 4531
2141 4532
283 4533
374 4534
2902 4535
2192 4536
4435 4537
3545 4538
2380 4539
536 4540
798 4541
913 4542
948 4543
4489 4544
686 4545
1290 4546
1334 4547
2872 4548
2513 4549
446 4550
2548 4551
3221 4552
1611 4553
2337 4554
2179 4555
3274 4556
2176 4557
1740 4558
1721 4559
3390 4560
494 4561
552 4562
2537 4563
2551 4564
3761 4565
3802 4566
2542 4567
1552 4568
3085 4569
2945 4570
1774 4571
1569 4572
570 4573
341 4574
232 4575
2362 4576
4033 4577
1417 4578
2256 4579
91 4580
4429 4581
1663 4582
3807 4583
1607 4584
2182 4585
3655 4586
758 4587
1302 4588
1727 4589
2433 4590
35 4591
3223 4592
3833 4593
3629 4594
2498 4595
3577 4596
3428 4597
279 4598
1874 4599
4584 4600
3211 4601
3462 4602
267 4603
3161 4604
2501 4605
469 4606
456 4607
1579 4608
193 4609
839 4610
2765 4611
3385 4612
4151 4613
1290 4614
4249 4615
296 4616
1547 4617
899 4618
456 4619
492 4620
2968 4621
2713 4622
2650 4623
2239 4624
1848 4625
2590 4626
299 4627
3115 4628
2405 4629
305 4630
2712 4631
3185 4632
1042 4633
2676 4634
3864 4635
3493 4636
3070 4637
489 4638
2336 4639
4139 4640
1677 4641
4510 4642
3370 4643
996 4644
3038 4645
22 4646
4344 4647
1171 4648
478 4649
4482 4650
3649 4651
4016 4652
3068 4653
425 4654
1763 4655
4177 4656
1514 4657
1963 4658
216 4659
2638 4660
875 4661
4570 4662
4434 4663
4022 4664
419 4665
1857 4666
1554 4667
4380 4668
2433 4669
1448 4670
889 4671
2651 4672
4251 4673
4608 4674
1168 4675
2664 4676
2662 4677
2883 4678
3061 4679
39 4680
851 4681
2430 4682
1660 4683
3697 4684
4657 4685
1603 4686
3837 4687
982 4688
1181 4689
2627 4690
4613 4691
671 4692
3916 4693
1739 4694
3499 4695
2988 4696
2288 4697
698 4698
233 4699
188 4700
4361 4701
2326 4702
924 4703
2664 4704
3719 4705
1739 4706
3329 4707
3723 4708
1904 4709
4343 4710
4410 4711
1215 4712
1382 4713
2061 4714
2307 4715
4092 4716
4598 4717
2554 4718
1234 4719
1680 4720
3300 4721
3153 4722
1000 4723
4336 4724
611 4725
1449 4726
848 4727
1004 4728
4628 4729
2370 4730
139 4731
4518 4732
3875 4733
4155 4734
3560 4735
1136 4736
23 4737
4254 4738
1719 4739
895 4740
725 4741
3588 4742
308 4743
2909 4744
3827 4745
2951 4746
1454 4747
1380 4748
3280 4749
2576 4750
1552 4751
2167 4752
3878 4753
427 4754
2856 4755
1262 4756
1236 4757
1987 4758
825 4759
4557 4760
4670 4761
802 4762
1224 4763
654 4764
619 4765
1225 4766
3453 4767
4226 4768
108 4769
1617 4770
4618 4771
4542 4772
3014 4773
4507 4774
210 4775
2482 4776
1233 4777
813 4778
468 4779
2358 4780
4346 4781
3630 4782
3368 4783
2212 4784
3143 4785
4714 4786
2893 4787
4688 4788
3538 4789
3860 4790
1889 4791
3660 4792
1820 4793
795 4794
2925 4795
4219 4796
4545 4797
368 4798
4491 4799
2090 4800
2098 4801
4531 4802
9 4803
3790 4804
1126 4805
3639 4806
4478 4807
1722 4808
2695 4809
3072 4810
2952 4811
2214 4812
2125 4813
3948 4814
2969 4815
2942 4816
202 4817
1935 4818
3322 4819
3645 4820
977 4821
1971 4822
2082 4823
1396 4824
725 4825
1358 4826
1205 4827
2213 4828
3039 4829
274 4830
3859 4831
2855 4832
2604 4833
2943 4834
1047 4835
2765 4836
1758 4837
3189 4838
1100 4839
3807 4840
4177 4841
3129 4842
4585 4843
4779 4844
1830 4845
181 4846
4637 4847
2911 4848
4552 4849
4778 4850
3253 4851
1268 4852
569 4853
865 4854
4173 4855
4484 4856
1284 4857
3869 4858
2709 4859
917 4860
4184 4861
1633 4862
4499 4863
2657 4864
2064 4865
3597 4866
4672 4867
1887 4868
2457 4869
48 4870
4170 4871
500 4872
4459 4873
1914 4874
3993 4875
693 4876
3023 4877
548 4878
2612 4879
4 4880
3522 4881
1464 4882
2074 4883
1552 4884
2003 4885
1143 4886
4789 4887
3601 4888
2272 4889
4763 4890
3478 4891
4272 4892
13 4893
2980 4894
1264 4895
3319 4896
1151 4897
1904 4898
1413 4899
3796 4900
1589 4901
769 4902
1085 4903
4430 4904
190 4905
3100 4906
2041 4907
4689 4908
3245 4909
970 4910
1329 4911
286 4912
4406 4913
629 4914
4025 4915
1635 4916
4182 4917
1034 4918
669 4919
2628 4920
2022 4921
1585 4922
2138 4923
3285 4924
1583 4925
3932 4926
1736 4927
599 4928
2992 4929
487 4930
3831 4931
1048 4932
4325 4933
4575 4934
2164 4935
3729 4936
4263 4937
514 4938
3715 4939
801 4940
3813 4941
3663 4942
71 4943
111 4944
3255 4945
4088 4946
2302 4947
651 4948
1055 4949
2802 4950
2257 4951
555 4952
2393 4953
3574 4954
1577 4955
4881 4956
2333 4957
595 4958
4806 4959
420 4960
1511 4961
388 4962
3003 4963
1565 4964
1191 4965
448 4966
3050 4967
1450 4968
2845 4969
54 4970
955 4971
345 4972
4627 4973
4702 4974
2279 4975
3741 4976
3618 4977
3354 4978
1146 4979
4297 4980
4603 4981
3281 4982
2094 4983
3241 4984
212 4985
4858 4986
2138 4987
540 4988
2848 4989
4224 4990
4642 4991
3464 4992
1383 4993
4297 4994
3124 4995
4936 4996
3438 4997
2661 4998
2667 4999
4415 5000
