5000 5000
592 2584
4336 4707
2928 3688
235 3303
3469 4148
2387 3103
2072 3029
864 3893
3643 4042
1820 2687
1194 4084
1141 4962
342 4082
964 4814
71 3831
578 2186
2114 3075
45 3836
3085 3321
349 1689
2173 4221
174 3885
462 1511
1038 4197
505 1693
256 409
740 3995
1970 3817
4118 4480
1762 4876
2216 4101
3720 4567
931 2587
2049 3013
340 746
1969 4950
532 4687
1133 3700
480 3389
990 3896
1251 1321
2974 3507
25 2774
682 3618
1008 1830
638 3681
885 2757
886 1780
2892 3107
1891 4679
12 4844
54 722
1142 4651
1290 3419
2816 4857
330 2937
125 4943
1307 2473
4719 4839
2300 4222
2085 3959
1829 2027
390 2798
221 4954
179 3473
417 2782
320 1586
77 4095
4053 4971
600 2037
2680 3103
1852 2576
3146 4736
3990 4793
585 4086
679 4669
2140 3295
621 3659
2327 4267
3091 4532
1115 4070
727 1964
802 2442
16 1227
365 1577
690 1056
2052 2174
294 3784
3593 3653
871 1990
4140 4778
1683 2587
200 2780
315 513
794 2406
4058 4235
3625 4286
2348 3999
60 3817
145 4803
2777 3296
3029 4140
2344 4447
2299 3226
463 3749
128 4006
612 2605
1699 2457
3706 4325
1469 2969
654 751
1490 4008
2610 3518
1088 1502
835 1529
317 2645
4173 4843
3487 4787
2291 3039
1671 4711
296 4667
3549 4242
417 1702
1597 2621
2932 4999
2850 4902
301 2426
1361 3059
3244 4430
3053 3847
93 2190
2404 4023
3272 3719
4628 4884
1000 2320
617 746
648 2653
2354 4280
3804 3858
3465 3615
2026 4751
208 4637
106 3612
1721 3331
3925 4959
731 4295
454 4561
3818 4292
839 4653
956 3724
274 463
827 3038
2332 2628
1547 3921
891 1172
1592 3095
169 183
747 2045
526 4062
1515 1569
47 318
3413 3811
3347 4506
4210 4574
3402 3835
1280 4269
2181 3113
1304 2622
2679 3874
3159 4664
1067 2281
3229 3331
4277 4524
3775 4932
1605 1882
1158 2554
706 4274
567 2630
3360 3398
2605 4869
612 2919
2199 3239
3256 3601
757 2789
2222 3339
3003 3326
982 1625
1679 2213
55 3556
3494 4670
12 4790
1388 4016
2236 4744
196 2249
414 3330
3411 4082
467 656
1638 3179
1625 3638
317 404
3070 4487
1222 1842
4007 4688
1300 2051
622 4052
950 2021
2611 3902
236 1089
2644 3569
1438 2187
464 1887
957 2447
1088 4676
2942 3079
1650 2833
3151 4090
4224 4829
1433 2558
3060 3225
718 733
1503 1811
3047 3127
4579 4783
1356 4145
1148 3658
1490 1860
1784 4721
2779 2871
1581 4978
2646 4925
2088 3128
2572 2934
2074 2981
2231 2425
1151 4592
1131 4235
2057 2551
3169 3412
2040 4888
3805 4633
3979 4014
2146 4102
1103 1296
1456 3276
3386 3530
2778 4436
3450 4507
1027 4246
1055 4785
3105 4525
868 4039
2767 4975
153 289
21 1981
13 3621
1684 4660
444 2597
4568 4792
935 3975
1762 3957
674 820
1758 3851
1821 2691
1126 2727
953 2081
3045 3611
1626 2402
837 1610
1796 1976
243 2136
1872 3779
2850 3998
519 757
2406 4349
2127 3237
1471 3827
1515 4878
300 2386
1673 3179
625 4063
1036 4329
393 3752
1187 3931
734 3018
2870 4820
1664 2504
1462 1957
918 2874
268 333
2344 3413
495 996
1546 3551
893 4956
138 1885
101 4061
2393 2906
4405 4813
403 2246
1205 1262
1210 4476
4505 4607
2333 2517
4334 4381
2080 3790
73 3917
1705 3608
1253 2012
2066 2836
204 1943
1774 1946
2512 2676
433 1561
665 4342
963 4889
1190 3084
778 2432
655 3401
2270 4300
3028 3302
127 3549
2099 2211
3278 3333
2163 4628
3349 3832
1017 4971
2630 3317
1444 1508
454 3800
635 3404
3351 4351
912 918
381 4997
538 1825
2037 4409
1895 3975
1290 2628
537 4744
565 1463
1172 2416
3104 4610
2184 4690
984 3551
1358 1860
459 1592
1316 1830
2479 2748
2291 3607
3396 4305
1476 3114
1245 4509
2825 4274
3328 3586
1546 4822
1110 2810
1946 2333
1065 3063
318 2709
584 3799
895 3930
561 3752
3135 4965
624 2034
3232 3339
1863 2018
3180 4982
2848 4540
482 4989
968 3853
3805 4245
446 4184
1349 1873
1865 3207
2595 4628
1807 2534
1775 4046
1275 4844
212 1743
1035 2970
289 2397
2590 3412
817 3073
576 2233
2425 3200
60 3391
68 4439
211 3002
1487 3584
70 4950
4047 4972
1584 3457
209 1517
611 3425
516 3152
96 735
940 3420
2513 3082
1868 2563
3232 4196
622 4264
1140 1668
502 4396
420 3303
838 3076
3512 4713
1167 3182
1567 2032
727 1430
2764 3300
107 3006
2164 4157
1053 2851
1927 3501
2128 2227
846 1239
2446 4373
2921 4769
177 1071
103 4078
1901 2672
852 4407
39 379
3113 4680
711 4447
1353 3298
526 2758
332 1100
1519 4815
2599 3110
1122 2092
979 1099
3717 4279
2735 4285
3042 4393
2404 4539
4279 4433
2343 2403
782 1478
3627 3862
653 2736
2589 2819
719 4868
289 3765
1508 2674
4072 4455
2035 4942
1633 3576
1092 3400
1720 4356
2808 4210
906 3716
2755 3377
2098 3189
1029 2202
506 3493
589 3827
1600 1809
1473 2289
340 1901
1678 4141
287 3324
1605 1714
1135 4976
626 2637
721 2283
2057 2088
333 3238
1904 2072
3758 4353
2535 4215
508 1622
366 1650
573 1483
2394 3518
1217 2809
982 2310
2221 3774
1292 2269
2313 4959
159 4799
1719 4633
534 1900
4209 4505
1249 3651
802 1866
1207 3664
1699 4320
206 3880
4366 4589
3878 4607
354 4779
1842 3418
1306 4648
3180 4639
359 2055
310 2790
1249 2355
699 1872
1690 3092
621 1934
3472 4796
1933 4606
2342 2464
4550 4622
2143 3504
3455 4203
120 2073
1235 1885
613 740
2408 3540
537 3174
837 2707
1337 1537
699 4651
1873 1912
897 2668
1886 3775
23 2389
2382 4708
2343 2492
1041 4216
946 3131
216 2979
2763 4920
86 804
3640 4199
2744 3738
3956 4221
1936 2929
748 3681
4489 4911
1757 2453
215 1132
2930 3267
1979 3479
3762 4130
2332 2674
2497 3422
1816 4240
3606 4802
2330 3439
971 996
463 1807
556 2455
717 3205
1904 2021
926 4408
4031 4955
974 3444
208 1595
2887 4135
1325 2922
192 1521
2640 4912
74 3197
186 489
437 4899
387 829
1853 2482
634 1260
825 871
2166 3821
2519 4547
3468 4673
311 3192
748 2893
1385 2713
830 969
1617 4719
650 3047
2669 4437
92 1951
1299 4364
1549 2690
831 1608
465 2466
2476 4340
3168 4540
833 1585
1364 4992
737 3152
3512 3765
1265 3114
3102 4888
575 3731
3081 3087
1144 2573
417 981
3811 4080
1196 3470
2560 4555
976 2313
1296 1692
949 3759
2803 4453
819 895
784 3717
1140 1195
3980 4445
606 3402
2334 3586
1188 3329
1301 2547
3347 4982
2160 3072
2708 3643
2126 2369
3870 4833
1811 2369
1162 2066
1260 2494
2507 4166
4149 4819
4080 4476
2976 3022
2844 4720
3630 4735
914 1089
4206 4720
3189 3985
1074 4205
2064 2536
1020 3250
1259 4776
63 2463
288 1346
1096 2585
91 1749
949 2916
572 4902
1545 2003
266 1812
1203 1968
2579 4574
1590 2476
522 681
1337 4417
3596 4144
349 4962
2037 4937
999 3379
3420 3692
801 1850
1214 4057
4060 4241
182 3569
3180 3461
344 4047
4147 4601
1591 4770
4190 4889
543 2436
278 2632
3523 3590
2739 4299
2444 4236
2921 4840
534 961
1848 2198
2243 4308
1766 4333
1684 4316
1432 3433
1308 2870
776 3339
1997 4568
1670 2923
2035 4461
990 4454
1137 4532
3552 4606
4620 4965
2126 3915
1058 3970
950 4966
1196 4583
3655 4262
445 1967
1904 3147
445 1193
3202 3868
2159 3224
157 4105
2926 4702
151 2467
2684 4697
3841 4591
3019 3380
1725 2090
1447 3192
2781 4095
338 1521
401 2928
2238 4380
2090 2991
3379 4477
1000 2506
416 2166
562 4479
1875 4887
781 4195
3710 3889
69 420
341 2705
1665 2295
2239 3675
1688 4101
1319 1824
54 3622
2293 4245
3814 4430
565 4236
2285 4706
363 1542
625 633
2752 4074
2378 4279
2649 4312
3510 4297
1677 3989
3736 4022
894 1900
3367 3533
687 795
2653 3915
2406 4706
1331 1572
2156 3736
3447 3484
1813 4763
1192 3155
3942 4361
1340 3814
538 597
1732 4823
48 2238
3566 4584
1044 3032
977 4041
428 4754
68 2078
2911 3009
398 640
456 1917
382 837
3184 3671
614 3558
1206 4432
415 2734
4580 4974
1189 1961
1975 4917
1604 4344
2425 3437
2531 2945
3462 4128
2384 3622
1769 4919
596 2125
1767 4573
2636 3097
272 3921
517 1687
1120 3712
100 676
3900 4640
1563 2867
75 2029
4171 4282
169 4093
2369 4546
503 586
2970 3355
887 3180
1813 4149
2689 4057
39 1135
743 2460
4086 4249
3443 4447
2675 3613
319 4173
1662 3576
972 3976
1842 3018
3242 4850
1367 4369
582 3965
1270 3340
2071 3356
122 4743
1233 2932
112 1185
1793 4369
3170 3753
2224 4422
1309 4338
1779 4689
2882 4064
10 2186
2363 4965
112 3767
2433 3272
521 2166
4719 4805
1377 4738
168 3013
1931 3379
3106 4591
996 4567
4483 4850
1115 2200
2098 2590
2697 4614
3608 3923
1886 1910
3525 3743
1247 4821
244 3302
88 2923
82 4328
183 2839
3452 4916
1125 4477
3988 4835
3838 4788
483 2967
908 3240
3411 4396
333 653
3791 4280
2180 4749
58 2081
4891 4976
3059 4696
3815 4355
2817 4277
4269 4870
1245 3170
119 3169
3046 4209
849 4260
2076 4477
1038 4985
3266 4176
212 746
84 3021
4501 4868
1166 1267
1790 3706
52 2561
3249 4565
1136 4384
3132 4588
1490 3079
1166 1183
1618 2411
1391 2046
85 4785
74 2986
926 4422
2321 2914
2971 3300
15 1635
1010 4685
3483 3893
2941 3679
2152 2687
3261 3705
2722 3310
722 3698
536 3224
594 4350
287 2257
2610 3257
2193 4782
3489 3768
1627 4914
1465 2870
803 2309
1442 1780
1661 3391
1527 3646
2487 2802
620 4726
2618 4377
3283 3628
799 1242
847 4510
1055 2815
2163 2208
1645 4937
333 2355
311 793
514 2741
1223 4103
2897 4994
898 3748
2342 3544
3806 4310
1421 2851
433 1399
2889 4756
3909 4321
1393 4084
1971 4560
267 2093
4181 4402
95 4969
582 4309
1227 4629
12 1598
2004 3444
3654 3845
2773 3899
371 1333
165 2123
2355 4213
1372 1586
268 327
13 339
1376 3615
1812 4852
1497 3158
1905 4157
971 2311
3282 3841
397 2985
3316 4066
2307 3424
3406 4870
623 1769
2044 4541
1794 2425
2200 4140
1607 3270
1448 4245
1094 3024
2415 3224
1103 2438
1502 2736
1140 2340
1985 4603
2697 3013
929 4028
2709 3334
2178 3209
2668 4899
3217 4461
836 1084
574 3920
753 3196
272 447
1352 2776
516 1573
306 2822
4627 4650
717 3578
1763 3044
467 1392
669 2347
1746 3562
2199 2936
3141 4155
438 3761
504 3654
3052 3425
1602 2369
558 2820
561 1352
166 3311
2876 4782
342 1847
7 3684
43 2804
414 494
1943 2392
1367 2713
793 2343
1709 4807
2375 3374
2096 4393
1030 3700
3049 3696
970 4767
652 743
1752 2569
672 4228
2783 3535
2640 3543
34 3348
4373 4565
1542 2340
2688 3820
2055 2483
3076 4570
341 2295
1587 3663
1596 3721
2911 4366
3064 4122
1468 4462
1289 3486
544 4982
919 4044
1386 1975
3842 4797
29 4478
4230 4947
180 3336
314 4395
2816 4945
1155 2310
125 337
1445 2847
329 985
1678 4035
1169 2820
897 3564
499 4469
633 1852
1818 4311
2621 3922
1269 4629
1992 2160
2824 3361
4184 4468
2795 4156
1869 3938
2317 3594
594 1671
505 2472
2952 4721
2099 3031
3074 3383
642 970
4594 4905
250 3675
2151 3141
1255 1780
2014 4452
2102 3781
1738 3793
2449 3846
222 341
4315 4821
2240 3290
2315 3430
1939 1955
2775 3336
164 1551
1979 2009
769 2633
509 1941
2172 4406
2114 4314
2582 2940
84 4137
3083 3727
2153 4663
397 2302
898 3001
4608 4907
3219 4055
1548 4110
1540 4749
10 3110
1257 1332
2915 4318
418 4029
1088 2060
2426 3299
1241 1527
35 3345
3555 3981
266 2331
2822 3822
4062 4965
743 3912
933 4091
191 2200
3279 4600
182 3559
2880 3319
196 3800
1204 3954
2403 4968
2373 3614
382 2187
3864 4524
3304 4230
1839 2093
600 1454
1442 3418
1684 4365
1656 3081
21 4961
313 1670
2320 3695
323 4438
972 1900
1458 4143
3754 3888
427 4684
2057 2589
592 1167
1373 2938
823 2746
1850 4807
1160 3674
2409 4887
851 2407
793 4031
485 1410
602 3954
737 4306
362 3577
1219 4207
2096 4236
610 3908
165 819
1482 2706
1646 2469
1468 1517
2177 3464
252 4020
2299 4246
848 1319
1496 4657
53 2351
682 3684
2236 3585
700 762
427 1007
1074 3061
268 731
2006 3044
4116 4247
1401 4250
1485 2806
386 4750
12 4642
3333 3796
2804 4633
670 1859
109 1111
46 478
301 4410
1521 2369
37 4698
2246 3317
2 4527
1623 4920
277 3335
1464 4505
2871 3167
4260 4464
1325 1584
350 1438
312 1518
184 1286
770 2071
1670 2117
2032 4874
1898 3479
31 1060
312 2615
2975 4228
2530 2583
2971 3409
3123 3197
328 4901
122 4684
403 4983
412 4919
1501 3010
2122 4477
1199 4049
485 877
2089 3700
1680 2695
98 3450
131 3412
1489 3912
663 3031
687 2378
1621 2538
2024 2652
640 4327
72 3342
81 4287
3022 3661
135 4452
4025 4366
1557 4264
3373 4107
934 4819
231 3547
909 4405
797 2604
1571 3520
1161 2231
2793 3096
2206 3707
540 1164
4057 4567
418 3404
289 1289
4362 4453
701 3208
80 153
2764 4261
411 2542
815 1115
1175 3470
1226 1848
1176 1694
3755 4376
2367 4441
1053 2876
4108 4556
3412 4381
1305 3577
1803 4909
1321 3963
2826 4913
2795 4299
2126 4043
543 900
793 3886
256 4076
2943 4867
2096 4364
1237 3672
3639 3896
2760 3652
270 4662
1394 2850
275 1627
509 4533
3215 4531
1860 3526
2420 3453
1326 3387
1217 2030
4838 4978
2065 4066
69 2895
4122 4927
527 2945
1742 3901
1002 3775
2041 4772
1180 2697
1979 4166
113 4909
876 2349
1692 2646
1335 3896
3235 4475
389 3226
437 1547
1856 4222
2172 2560
384 1689
1860 2385
3379 3700
566 780
787 2382
1681 4637
2006 2369
4583 4860
4388 4475
788 976
3437 4148
15 4376
2803 4882
4712 4773
2337 4916
1607 3953
1361 3109
1208 2618
4237 4427
2980 4304
2492 2509
4450 4846
1457 1519
1094 1191
3539 4468
2813 3206
2204 2916
3217 3708
3854 4934
1436 4954
388 1311
1418 2187
2572 2936
49 4693
2179 3574
720 1474
2068 2080
393 4751
976 3486
1217 2039
673 3722
1387 2768
2058 2099
1450 4695
973 4910
1831 3774
673 3568
2537 4308
916 3243
401 1924
3580 4961
982 1481
122 2129
191 3364
3233 4460
3125 4308
2942 4422
8 3311
1437 4641
892 4395
1482 2175
547 551
1748 4926
3604 4475
1301 4341
1608 2469
393 1317
2741 3860
2578 4315
805 3234
938 4464
1112 1511
2479 4514
3 4718
161 2239
2255 3270
3359 4160
813 1225
509 2425
2606 2974
1075 4408
79 2148
496 1153
2686 4616
2393 4363
3980 4308
1944 3140
816 1955
889 2946
254 4534
2242 3714
1853 3937
885 4383
1011 3472
3302 4576
1756 2633
1621 4719
828 1264
2330 2987
2733 4830
2005 3147
797 1060
1267 1999
690 3694
4795 4960
2842 3922
1695 2591
2102 2369
693 2706
590 3732
206 4043
1249 3328
994 2107
1780 2110
735 2738
1932 3679
440 462
1110 4764
555 3391
659 4014
639 3216
2292 4934
1357 4885
3970 4521
1391 2612
420 1894
50 2047
4752 4987
3555 4351
2445 4719
487 3610
704 1404
2979 3567
2906 4625
240 1014
4231 4484
2691 4219
3778 4480
2975 3589
2353 3097
853 1448
233 3994
1296 2334
37 876
3120 4565
531 537
2312 2707
240 4027
37 4088
3461 3602
646 2628
793 3871
2800 3923
281 563
512 1906
2425 4712
2425 4261
734 4627
831 3289
461 2340
2828 4885
965 2616
3812 4046
1069 2136
20 2922
527 2252
2235 3405
2571 3080
1196 3850
1502 4403
2780 3094
66 903
2431 4312
4311 4961
1597 1842
289 4181
1919 4142
962 4101
2641 4410
2128 2919
4458 4915
1119 3649
1318 4402
1189 2339
74 3707
404 2875
851 1763
384 1809
1938 3845
3361 4594
195 1595
861 1814
2524 4513
107 2611
102 2043
3021 3997
1705 3084
574 2676
888 2881
2973 4313
2319 3303
1069 4744
4123 4298
1560 3653
2165 2446
804 2791
4505 4730
2510 4542
3012 4710
2987 4914
1175 3746
782 4419
320 2806
821 3256
97 890
1520 4451
3270 3936
2311 2695
2224 2862
64 2747
2455 3568
1792 4028
604 4860
1997 4019
2431 2752
3423 4770
4377 4976
1661 4773
1945 2240
746 4239
4069 4235
2029 3242
1400 2563
1436 3347
1913 3314
2171 2590
3068 4060
1003 3291
759 3663
702 937
1161 4454
1606 3415
1004 1622
1856 2813
703 2945
76 104
442 866
1183 4794
300 4666
2686 4011
2231 3735
1205 3076
585 2543
1449 4416
1910 2855
149 4882
3386 4707
110 1170
2670 3458
1192 4614
1907 4776
2537 4217
1095 3780
1791 4110
3462 3875
1284 4091
487 1132
3748 4517
3890 4913
675 2912
1517 4075
1469 4418
170 2776
2908 3351
3920 4851
3345 4378
545 2151
2058 3720
291 3433
4636 4916
2761 3555
1033 3992
1353 2491
926 1792
11 1790
211 2913
741 2156
1894 4731
3914 3983
3347 4539
39 2233
1245 4307
96 4514
3803 4623
5 349
2801 4535
3162 4428
497 1225
2375 4781
2486 3910
2683 3329
475 870
3222 4970
1251 3801
2656 3740
1556 2458
549 4053
176 1139
263 1615
3650 4000
4011 4415
615 1954
3660 4632
683 4938
215 1343
1240 3903
1955 3470
502 3750
1914 4653
3609 4154
1084 4073
452 1831
57 1909
1737 3792
235 1993
2105 2677
3535 4265
3430 3468
1126 3741
4620 4895
1811 4690
2276 4310
868 1074
1925 3575
1187 4251
506 3353
3071 4683
1188 2298
807 1115
2729 4713
20 2637
1877 3053
2856 3464
227 4541
1111 1418
2996 3729
3154 3297
1200 1704
2003 4413
387 3064
2398 4204
2055 3149
3746 3935
853 3177
357 3458
3165 4748
3656 4977
2960 4893
2758 3749
563 1036
3376 4188
1012 1650
496 1525
1834 3422
1346 2967
1754 4552
3920 4888
2115 3013
2622 3795
3206 4863
1324 4757
1373 4710
726 4540
4334 4448
2139 4632
2967 3994
1835 4777
1762 3592
411 2876
3743 4896
3760 4960
1360 3606
2629 4655
167 1847
2358 3860
2755 4062
1646 4640
434 3321
1683 4202
170 1166
191 2856
67 4655
652 3641
3140 4491
206 2924
2450 2501
1768 4229
2201 4943
2567 3949
70 1440
3244 3521
1645 4440
2733 2854
2850 3761
4391 4606
1392 2830
625 664
791 2124
2993 3893
1865 2507
2388 4550
3274 4682
460 4010
438 1021
4341 4705
820 2749
2919 4216
1451 3485
608 1824
4527 4814
149 4930
1638 3780
3879 4157
1161 3633
380 1178
98 3214
29 294
1312 2704
1567 3578
248 1311
148 288
3588 4939
637 705
277 828
2832 4447
3951 4445
2672 3031
3622 4143
2703 4121
1168 1352
2339 3560
542 2196
1075 1105
169 1021
457 2324
559 2970
2067 2894
616 4706
1627 2962
2158 4594
3319 3679
1688 3667
1712 2554
1639 3465
2808 4514
2443 4115
924 4548
2512 2646
1482 3405
1221 3998
907 3486
1010 4726
2581 3753
1279 4097
1564 2594
2600 3065
456 3859
1240 2475
4319 4434
331 3086
364 4574
977 3952
379 2078
585 4518
319 3933
1761 3063
3107 4562
20 3909
66 721
1116 3221
2421 4109
534 4590
1257 2347
840 3574
2969 3401
430 3322
2526 3498
185 2871
1147 1835
209 3476
2844 3814
682 4555
4166 4902
773 3029
649 3949
859 4601
3269 4288
1137 3357
60 3843
1324 4603
536 2796
67 1820
215 478
3356 3566
4234 4242
4337 4608
860 1309
1945 2040
1681 1816
623 4717
795 3820
1512 4595
4072 4926
67 409
764 2989
220 2990
1192 3514
198 2088
4916 4994
384 4823
3665 4053
2292 2751
4397 4882
1437 2990
1155 1863
1451 1602
606 3827
615 2838
2544 4329
2473 4852
771 2859
51 2624
1585 3327
693 2213
3228 4716
516 3189
2565 4120
1700 4732
3085 3369
175 3807
505 2155
1780 4195
3125 4493
1949 3310
1832 2024
2790 2910
3455 4448
936 4897
2886 3476
918 4927
2782 3169
1869 3561
1559 2577
669 2515
1626 3328
2521 3084
2947 3132
673 943
1887 4744
2756 2911
126 4792
4511 4871
1929 3034
616 3993
3450 4493
185 2407
117 2386
1146 1476
337 2817
1478 3455
62 3200
1403 2022
2717 4146
829 3972
2475 4400
1356 4467
1927 4917
48 3206
3052 4931
767 2270
713 4189
1900 2355
1336 4873
2554 4092
879 3907
1900 4491
4166 4183
2026 4668
309 3912
1303 1624
550 973
4737 4868
1016 1142
1608 4413
3097 4288
392 2839
1045 1109
1268 3428
2830 4831
3069 3258
3030 3623
919 3900
1534 4859
2446 4724
1008 4369
77 1887
3054 4182
996 4762
1041 2157
952 4532
1951 2173
2819 4869
635 2949
964 4958
1157 3621
2663 4412
1984 2605
2628 4467
1891 4135
871 955
846 1183
2047 2129
1828 2188
1642 2177
195 4626
651 2222
2134 2812
1100 4945
198 366
3246 3718
1048 3932
1064 1118
2826 3463
3604 4827
1088 1353
3420 4236
127 1916
1870 4114
2303 2589
3173 3766
1978 4590
1491 2744
564 1785
2012 3190
2597 4900
67 2157
1861 2240
1874 4066
596 3391
2113 2461
847 2588
1974 2654
1025 2944
362 4536
3022 3851
3290 4048
2000 3288
2333 3335
1139 1776
2593 3444
2088 3187
2400 2665
430 2128
1239 2123
755 1311
2375 4811
1726 2847
607 3202
232 1563
1609 4232
1596 3227
2313 4718
2033 3761
3691 4092
2723 4218
981 1380
376 1603
3366 4802
1100 3472
2575 4883
2482 4428
96 1008
1531 2794
1389 3990
1128 3190
2096 3452
158 1225
1806 4306
446 2026
1329 2541
1949 3005
1970 3336
1699 3202
666 2400
541 4735
3342 3615
1918 3406
1978 3472
1217 3600
327 3072
314 4727
2819 2951
658 2635
950 4891
248 3924
4364 4900
940 3631
2598 3387
620 1451
3661 4936
4182 4369
3705 4733
2474 2986
277 2648
2687 3931
2377 4842
1818 2928
3329 4715
2955 3878
2230 3482
1375 3185
589 2663
3116 4337
1517 1589
1340 3884
1791 3180
1307 4900
2101 4732
3260 3847
3909 4621
3071 3638
416 1085
176 4974
793 4714
2732 4552
1652 2761
1148 3951
2247 2318
1368 1719
992 3579
3407 4542
1051 3436
1959 3642
337 2060
74 1515
606 3104
2712 3190
622 2263
1245 4869
679 4571
954 4182
67 1550
264 3065
4075 4146
1056 3754
2109 4036
1670 2371
1757 3066
662 4520
3300 3515
701 1187
1322 1848
2999 4389
1318 1846
1836 2464
2252 2811
799 2078
1207 4360
2211 4401
2770 3853
1443 4698
1714 1805
1448 2873
1902 4717
3231 4062
2366 4341
203 2800
2464 3691
3748 4664
4301 4911
2102 2372
1922 2719
799 1834
156 1946
3070 3638
2305 2447
221 4401
594 4686
1106 2515
681 1445
3325 3999
2607 3951
2061 3851
4537 4944
1758 3656
760 2131
1486 1927
3893 3997
2438 4409
2926 3682
1603 4323
1020 2044
478 3729
992 3085
505 4923
1701 3336
3066 4582
2268 4289
827 1171
444 2042
3431 4831
171 2081
283 2984
2538 3778
1295 4764
540 4473
413 4942
1133 1263
2002 3753
1882 4779
3595 4942
112 2700
3139 3896
98 1591
151 907
188 2467
780 2450
2167 4320
3106 4805
454 2164
1251 2064
1409 3880
150 1616
3463 4425
1765 4936
3661 4940
2529 2707
3276 4142
1517 4827
2216 3847
1838 4733
1185 2318
3773 4560
741 1947
1547 3024
2626 3236
1034 3312
3917 4236
48 949
2394 4777
1095 1233
2489 4633
517 1384
1691 4769
2142 4621
1168 3843
3954 4806
4309 4686
4013 4811
3094 4723
695 1366
1191 3528
3222 4259
2784 3670
1856 4179
2894 3204
2659 3740
4543 4926
1572 4287
502 1630
2806 4871
1684 2579
68 3011
1557 3918
539 3899
4498 4966
1558 3482
1727 2792
954 1655
788 4889
1992 3368
966 3854
3014 3026
482 3839
1405 4246
186 463
262 875
3483 4909
2129 3122
505 3512
997 4544
1623 2516
2331 4702
4794 4921
252 4557
2474 4073
787 4256
1918 4869
1828 4655
31 1088
328 651
1555 4741
4120 4561
2187 3215
3231 4610
2401 4610
997 2694
185 3967
310 373
704 876
2588 3406
1149 4775
3116 3248
789 3718
4235 4343
1097 1175
1284 2665
1607 2447
420 2518
913 4569
1734 4670
1102 1264
862 3356
3347 3781
1106 1879
1338 4084
1245 4955
1661 3164
1338 2679
341 3214
372 2422
3779 3978
359 1417
1579 4712
876 2025
1598 2581
996 4431
266 3696
2975 3870
3034 3471
1690 4507
1082 4034
1283 3540
1494 2808
2853 4187
1740 3720
1765 1928
536 3013
1832 2984
149 3775
2428 4460
150 3671
1741 2479
1765 4610
605 3936
108 4973
988 1630
2824 2834
703 2520
1475 2562
233 4469
623 2957
1051 2760
559 1689
291 3922
4560 4865
3024 4295
2749 3234
4339 4472
1023 2153
405 4865
398 4406
165 1432
264 2121
338 3398
2268 3020
421 1396
893 1386
1862 2497
1148 3694
1575 4517
2365 4764
441 4150
2621 3030
3218 4263
552 803
1505 3019
2328 4867
3968 4654
291 3337
3810 4385
3971 4887
645 1382
3398 4969
3455 3625
1755 2710
362 1926
126 808
1390 3016
1459 3359
1534 4100
517 2990
2119 3829
2269 4446
2137 4019
1151 3616
2075 2861
118 1972
1001 3039
848 4262
2856 3910
4 1063
3543 3548
4137 4730
448 750
2084 2786
915 4027
241 3075
495 2800
3797 4195
2802 4467
699 3921
2969 4597
2070 4435
1771 2541
3966 4713
582 1452
265 2019
3578 4398
2478 4074
2480 4299
2008 3700
114 1392
507 3373
3157 4909
757 3613
2790 4481
1636 2875
2569 4318
2704 4229
1406 1648
1059 1257
3297 3784
1801 3401
1466 3320
157 3197
2149 2856
1533 1576
1003 1147
2011 3248
2278 4692
3981 4550
3161 4483
1076 4161
2705 2729
3735 4826
670 1629
2122 3048
569 1560
1990 4120
2068 4106
2474 2961
664 3888
782 836
370 2757
330 3242
3666 4971
1402 2955
198 2055
131 1566
375 4535
1895 4328
1769 3762
1795 4336
107 1239
4021 4221
215 2866
572 4984
3473 4384
2079 2507
3535 4108
2741 4893
1378 2908
1563 4717
207 387
577 3951
1757 2440
2308 3024
95 4318
1698 3615
846 2719
3428 4777
26 4983
1670 4397
1293 3798
87 1191
762 2704
3424 4262
2878 2999
341 4524
1549 1883
1741 1861
1474 1572
1261 1818
4650 4915
16 4971
2166 3460
1623 3007
474 4513
1865 4301
2472 4737
889 3934
749 3270
1642 2061
19 3189
2390 2743
3098 3119
3289 4139
730 1923
2659 3358
3415 3978
2153 4736
3533 4632
3008 4600
2110 3223
161 3425
618 4161
558 3833
2665 2868
1696 1826
806 4967
3394 4081
1759 4828
698 3312
2862 3796
753 3874
566 4254
1232 1455
1638 2290
253 2248
1331 4863
1150 2218
3311 3950
1340 3034
3634 4084
2701 3725
499 2195
872 2129
317 3489
1231 4370
954 4432
1902 3505
618 627
904 4321
699 4278
3336 4423
894 3695
2719 3253
595 2243
3170 3452
3135 4748
144 415
895 4257
322 4477
900 1010
1196 4393
776 3241
713 3007
1209 3131
1002 3574
1207 4263
1425 3474
309 1019
1772 3339
681 4930
985 3562
1220 2664
763 3531
510 1051
1958 4164
33 1184
525 1841
1763 3585
1255 1345
1183 3788
675 4498
2646 3146
1559 4515
1812 1933
3817 4098
726 929
4391 4605
61 4452
686 1089
4217 4493
222 4296
1208 3915
434 1026
2760 3906
4091 4566
1947 2028
621 2363
883 1670
776 1006
306 3639
1515 2632
1084 3546
438 1372
2319 4684
807 3657
1322 4258
1026 3993
2413 3644
1629 4691
3327 3708
1098 1268
1399 2807
4879 4913
3670 4440
1753 4444
2687 3309
1062 2923
3453 4240
1261 2932
1111 1320
2588 4241
110 2280
2438 3794
2113 2522
3902 3960
322 1313
864 3223
3875 4596
1245 4273
1602 4907
93 4119
3210 4010
1801 3702
1532 4993
3563 4409
833 3658
1510 2587
89 1890
1793 3660
792 1838
2152 3870
1763 4781
4425 4689
979 1004
3198 3914
2373 2755
1349 2354
1241 3311
720 2778
3513 4953
976 3399
3611 4856
3438 4440
1544 2418
258 1752
885 1066
568 4835
138 3422
2067 3650
3825 4354
1295 1347
3234 3301
467 3035
2016 2606
718 3415
4196 4349
2282 3618
940 1430
1407 3572
1989 4930
473 1403
1296 1857
617 2543
434 3323
154 802
2442 4970
974 4532
1585 2019
1028 4429
137 1264
383 1337
3331 3690
609 2876
185 4911
1188 4098
2085 3231
324 3430
1712 4096
1750 2200
133 3700
1196 1433
249 1235
1397 3744
2213 3107
146 3803
3861 4731
971 4719
1361 1838
3912 4135
852 1855
353 3815
3252 3440
4414 4418
2472 4097
4018 4300
2603 4388
1833 2583
3755 4940
1818 3527
1757 4826
1331 3964
299 1897
969 4556
992 4654
396 4114
1287 3549
1148 3393
111 2431
2424 4235
102 4345
3462 4212
1058 2253
1342 3090
1076 4937
379 3154
418 4978
3479 4216
234 1939
2992 3892
1331 4122
1624 4213
2822 4906
4243 4947
862 3352
770 960
333 1078
1281 4909
4185 4206
2769 4852
1038 2023
1420 4043
730 2213
658 3834
932 2342
2395 3486
405 4879
24 583
3896 4480
2248 2380
3722 4532
2996 3969
2414 4081
1188 4381
1550 4627
1189 4902
677 2508
3739 4218
3168 4290
2154 3041
960 1712
1570 4043
1655 4183
289 3100
1687 4588
2433 2701
3814 4016
2575 2958
1120 3387
1042 3462
1177 4357
4452 4652
1080 3617
3301 4732
1011 1924
2064 2510
1737 4387
2354 4735
2860 3466
4821 4846
3030 3432
2910 3085
1756 1767
400 1248
118 465
950 1630
2274 4122
1695 3293
2391 4459
1016 4201
2454 2794
3939 4851
2514 3168
3173 3418
3903 3971
826 3825
3578 4137
517 585
3762 4529
2593 3211
1538 2242
2698 2763
2856 3844
1644 3217
1760 3725
1715 4012
1650 2190
933 1602
790 2162
3492 3511
55 3195
1418 3081
3279 4054
694 3613
1057 3462
1817 2327
902 1561
2850 4155
2436 4880
851 4997
954 4714
548 2996
1505 2832
4049 4626
604 2772
976 1337
203 2548
724 3855
3824 4514
2916 4180
2958 3640
2706 4408
2179 2534
3260 4518
3310 4337
1251 2448
201 4975
1649 4799
1867 3113
3599 3648
589 4450
675 4137
1030 2290
1749 2847
259 4097
550 806
1181 1616
4 1938
2626 3358
4534 4750
1143 2088
341 3974
2620 4300
3438 4030
1235 4216
1541 3210
901 4222
2293 2749
2685 3885
1413 2742
2409 4662
931 3399
709 1137
3408 4759
431 1602
1165 1616
1414 2308
416 790
916 3086
87 3001
2221 3303
913 1741
2001 4641
2195 4797
2225 4473
725 3781
1050 3434
1054 1217
1859 4376
1095 4481
4835 4932
752 2416
869 1269
704 743
1641 4537
4040 4876
376 3022
1831 2037
2334 3004
2046 3237
43 1848
4883 4969
1501 2297
2107 4545
1835 2470
2852 4439
902 3685
3719 4003
1106 4423
1969 2239
950 2707
2419 4260
1230 2010
3484 3831
2532 4135
434 4608
57 4762
893 3292
714 2682
1320 4409
960 4309
1881 4644
659 4406
748 4711
2263 2896
1451 3822
178 2718
1115 4787
3182 3899
4044 4155
784 994
3116 4279
2867 3629
3849 4462
2242 3036
575 3118
4815 4916
547 3350
1247 4969
4830 4908
2192 2849
1058 2320
3583 3868
91 2460
1766 4773
896 4407
1213 2631
792 2432
4114 4833
2051 3132
970 3765
526 3596
1628 4021
485 4826
2228 3654
1301 2822
2244 3784
1511 2493
4828 4862
1237 3214
3179 4692
156 3081
1279 3445
3598 4441
3864 3893
1741 4668
461 3559
1782 3755
1016 4656
1740 1970
4139 4309
2682 2791
3491 4031
71 4077
956 1283
2734 4702
1440 2609
1350 1559
2721 4947
3214 4609
1558 1609
416 3996
1897 2082
1427 4135
546 3370
409 2060
857 2322
568 832
2350 4189
646 760
251 3787
1442 3051
1370 2815
1832 4550
1519 3856
244 738
2332 2421
722 4352
1613 4686
2407 4465
98 4519
502 4674
1777 3682
3211 3323
3406 3641
972 4546
803 2261
3940 4665
2997 4737
488 4593
1201 4578
441 1336
921 4547
1455 4471
3228 4390
1661 2474
359 2170
413 1123
1117 4237
469 4925
2272 4224
1919 2828
4105 5000
2375 3245
1439 4813
430 1788
3150 4157
4364 4889
2308 3742
497 2112
1607 2308
1388 4753
329 1796
2917 3006
236 756
2039 2101
1099 4347
318 4713
297 4401
79 2074
1904 4814
190 2939
1087 4408
956 4015
3400 3968
3340 3933
423 3931
2683 2796
274 4102
2866 3972
3048 3138
929 1151
1263 1325
2558 4006
1761 3553
1149 3907
844 2116
703 4857
707 3663
3 2283
633 866
3332 4186
153 887
601 4999
571 2382
373 3212
923 4375
877 4150
2942 3430
2563 3629
332 4486
859 3642
495 2536
709 4941
1473 4371
1629 3865
504 2492
3311 4290
3955 4422
2225 3456
4095 4962
364 3570
374 3205
1808 2625
1884 2865
3287 4272
1496 2060
1357 2159
296 2977
2722 3033
2292 3469
3326 4949
3758 4420
484 2963
1450 3399
2174 4519
129 4691
10 244
2442 4239
2894 4456
789 3332
1078 2192
775 2210
105 4038
780 1854
923 2181
546 4789
777 1012
479 3533
4284 4296
1965 3769
47 3880
327 4341
212 239
1213 2226
827 2130
2926 4353
273 671
3042 3709
983 3985
1097 1486
794 2098
1116 4218
4572 4704
3618 4742
1226 4281
3507 3726
1570 3190
788 1737
2968 3809
1572 2638
2921 3961
1452 3332
4598 4958
2470 4450
2205 3778
1606 4911
1136 2096
2953 3415
2604 3603
1665 2554
1728 3599
3232 4671
1701 4514
324 1426
579 1513
674 1277
1552 2352
2639 4166
1634 1774
1867 3009
630 1886
2827 3292
1105 1486
3843 4035
1506 3661
2485 3565
2866 3522
1065 3319
870 3319
11 2477
225 1295
1589 3675
1636 3955
745 3948
1024 1719
4039 4084
1746 4099
339 2845
1927 1981
3034 3966
1287 2348
156 3773
944 2797
154 979
153 1958
66 2654
1488 1971
1166 4598
807 4666
320 4392
60 3338
3867 4473
2301 3751
2689 3637
1799 3658
2160 2656
586 1346
959 3327
1095 3270
710 4290
69 2772
3604 3616
524 3313
551 2718
2480 3277
1729 4353
2326 2811
2619 2925
1923 3109
3135 4904
476 783
1983 4451
4426 4866
217 1840
1843 3876
2607 3778
2671 3340
2842 4825
980 2288
680 3453
580 3070
143 2838
935 3497
806 4504
887 1187
189 955
3382 3654
1154 4762
2687 4836
806 3689
1472 2287
428 2544
505 3179
3321 4350
3953 4735
557 2825
508 647
787 1984
4822 4942
297 2367
260 4708
2836 3356
1497 4964
273 1321
1756 2134
3989 4532
3511 3575
519 827
1743 4819
3901 4730
3528 4996
107 4498
3927 4647
2238 3392
958 4638
954 4947
609 2718
2667 4760
1536 4646
262 1543
1413 2341
2117 2597
823 3486
159 1621
2312 3078
541 944
1920 3774
1038 2984
3002 3438
1936 2779
437 4278
2917 3184
1580 1951
4181 4275
1176 1565
2319 3931
2412 3069
1221 3127
385 2025
2814 4987
291 4983
1993 4760
392 902
197 3981
2862 3562
1198 2285
1807 3727
4397 4708
2894 3720
2597 2983
462 554
3892 4759
2539 4183
237 1325
3830 4172
2729 2861
677 4599
2022 4579
1008 1875
3 1954
1357 3102
2002 4282
187 4791
3168 4280
1762 2577
2851 3214
1551 1909
421 3095
995 3822
4506 4658
326 2605
1855 3717
3091 3528
3037 4876
371 4657
1719 3390
1979 4654
1041 4636
2387 4649
1134 4894
3108 3685
152 854
765 2710
3945 4069
1569 2418
910 2846
669 4431
229 3952
2332 5000
3959 4102
2342 2819
186 4633
3857 3904
2968 4407
856 3529
2478 3944
2645 3180
2149 3232
3936 4947
1859 2253
3286 4825
1386 2141
3927 4892
1706 3138
322 3857
1677 3950
989 1391
1844 4914
3191 4528
3649 3782
1796 2116
3462 4555
2031 2406
145 2945
1326 2987
958 4958
1416 2129
856 1803
3254 4749
211 896
1619 1751
2469 3046
2597 2890
485 687
1997 2026
3179 4613
2831 4793
1978 4598
15 4170
923 4818
1990 2045
37 611
1182 1740
3617 3639
2803 4961
242 1296
113 1044
260 3342
2254 3461
140 4292
1419 4606
302 863
2329 3565
1182 1328
4128 4280
1827 3844
934 4372
134 2997
1681 3807
26 1144
1276 2582
2709 3629
1338 3569
4034 4072
578 4817
1068 4753
2632 3709
2908 4908
754 2902
3988 4858
2313 4489
2618 4992
419 719
133 3016
612 3187
317 4240
1520 2001
2472 2798
364 844
162 239
2460 3210
2532 4397
457 4522
1587 4962
116 3213
3948 4554
864 3685
399 3046
239 1068
3533 3965
1983 2586
969 1373
1277 2512
3128 3761
4051 4781
11 4277
998 4417
1506 2235
264 1109
1592 1788
513 4679
220 2215
90 736
952 970
912 4177
3617 4230
3544 3773
2483 2839
593 1300
507 4971
2062 3841
1144 2539
850 3566
816 4227
1906 3385
690 1184
3756 4052
701 3525
205 4926
110 209
2170 3110
1499 2341
2000 3815
969 2975
342 495
1998 4227
3700 4852
3726 4410
854 3625
26 3232
312 1994
82 793
2061 3051
938 2261
948 1780
95 618
174 4308
2310 4562
1069 1710
1138 1964
1528 3294
1777 2851
3660 4399
1040 4717
1061 1931
535 4229
3424 4808
2620 3734
768 3030
571 4014
652 2493
2030 3176
190 1689
1554 3703
3310 4056
2305 3753
2165 3714
252 4563
2945 3253
1309 1946
223 1919
4263 4997
292 699
2494 3882
2354 3404
601 1044
1971 4507
2607 4629
774 4708
1529 4760
2934 3224
1042 3766
4495 4564
1554 2947
4412 4440
12 2038
1782 2160
788 1951
291 1074
3054 4473
1054 3642
2708 4014
1339 3157
1350 2938
172 4983
2769 4296
479 628
756 1904
425 4542
1897 3381
3593 3937
3570 4351
2355 2748
156 3750
2659 4990
2905 4497
1050 3733
1729 1836
113 3386
1949 4383
1906 3983
2796 3327
714 2656
2561 4528
949 2300
2571 4589
3543 4859
357 1027
1420 2579
1972 3348
1353 3025
971 1476
1029 1584
3505 4873
60 3653
4354 4738
285 4250
1488 4601
2225 4995
1151 3539
1453 4464
1678 1819
448 4993
2039 3386
3095 4520
1541 2677
2301 4387
719 1764
4096 4839
3773 4194
1012 3033
1196 2454
814 1841
1320 1432
1321 4293
1672 3898
1484 3850
2608 3502
3213 3633
1456 4807
1415 3999
3376 4012
1013 4002
4469 4565
3025 4732
3115 4345
2616 3289
1645 2248
3805 4213
1457 4089
622 3207
1740 2492
2913 3303
1813 3558
66 4823
1185 2016
135 324
2173 3011
2712 4821
383 3409
144 4427
42 3939
52 1832
1568 3008
2782 4148
1563 2715
456 4994
1039 4873
3001 3116
357 1670
2846 3863
2369 4849
1720 4182
636 2127
2430 4197
2090 4631
356 3189
90 2453
778 4592
1755 1766
2070 4882
53 2083
2023 4211
2049 2514
392 3275
1291 2108
827 2687
646 2790
1318 3497
2824 3281
460 4061
542 2131
2192 4589
1040 3558
428 2271
761 2383
881 1510
708 1048
398 2912
655 1009
1203 3418
2562 2645
1499 3660
2541 3618
1449 4297
1618 4330
532 1738
2256 4634
2216 3160
3383 3582
626 1804
2698 3581
1733 2401
100 4657
630 1908
3074 3872
238 2276
256 4358
1299 4047
4406 4979
869 4964
3201 4969
1305 1919
3450 3564
1849 2268
341 4315
2042 4362
2950 3098
861 2455
2478 4430
687 4651
1545 3845
836 1546
1746 4305
1990 2643
2155 4536
1091 1497
705 4534
2780 4105
1901 2514
138 2652
184 4400
1456 2860
546 4843
1667 2302
1159 3565
4021 4323
1836 3876
3267 4772
2289 4449
2054 2137
216 4845
821 1133
1815 3613
1329 2534
446 3188
2051 3574
858 1996
2111 3673
1819 1992
1463 1695
1287 3864
2562 3063
1390 2300
1829 2650
1971 3330
2609 3847
2706 3373
3172 3599
830 3258
2471 3053
858 4566
935 4545
995 4106
4361 4548
2496 2565
351 922
894 2854
2018 4234
940 1921
3619 4670
3385 4810
1940 2252
2890 3235
2294 4888
642 1860
1458 1543
3387 4614
3529 4574
3929 4320
2532 4404
2956 3832
2243 2444
1412 3048
387 1857
2494 4703
2987 3420
1736 2458
308 4292
2646 3143
352 4469
1972 4860
2564 3195
2063 3950
132 4573
3064 3797
333 3306
2089 4342
207 545
805 2840
1281 1431
1829 3587
130 3893
1782 4455
673 719
1059 4262
51 1606
1806 3032
3391 4825
1241 3576
2474 4639
1797 3353
3177 4835
1006 1295
3511 4024
837 1550
775 4279
1116 3728
889 2247
2519 3149
1743 2152
795 2781
2096 2171
698 4998
1073 1888
1680 2429
2416 4758
2800 3638
486 1721
2454 3333
2495 4622
1083 3520
3167 3912
1877 3641
955 4258
1311 2098
315 1649
2095 3451
1237 3222
4265 4273
884 3678
2665 4767
4098 4794
476 910
2783 4751
2100 3154
192 2782
1020 2294
1471 3170
441 3885
2148 4004
1775 2532
1004 4760
2963 3555
1016 2215
4000 4320
2474 2701
1874 2791
1672 2971
1040 3775
611 2512
272 2460
1987 4218
500 3352
1623 4838
2053 2388
56 1790
3599 4166
4191 4276
3185 3703
145 4274
3788 4205
1962 2603
3225 4084
3678 4053
1075 4870
2048 2969
2983 4000
1257 2804
2540 2611
27 1020
323 1986
2017 2588
680 1356
781 4807
1219 3083
486 4139
2814 4621
1870 2757
1812 3833
1402 4419
1018 1929
1696 3890
2235 2767
1299 4830
7 3326
3227 3434
1809 3998
1829 4055
690 3766
1498 3405
1187 4903
2691 4266
2470 4589
89 3610
1882 3947
2921 4001
2407 2857
3798 3806
299 2046
2114 4555
2356 2927
391 3426
2072 3130
2913 3666
265 4455
58 3813
2881 4898
1821 2384
86 131
2431 4224
399 1712
4048 4251
635 4663
334 704
1528 3535
2242 4476
254 4585
2068 4313
2459 3465
1856 3841
2334 3023
3056 3215
3425 4397
1343 1935
962 2272
2685 2897
2824 3050
3065 4183
153 4754
1472 2062
2446 4453
39 1858
2256 3434
3709 4017
229 1845
686 3875
1715 3115
450 2926
3874 4849
1074 2833
489 3231
1085 4590
3356 3371
509 3120
1966 4180
119 3284
1263 2649
702 4591
449 1779
4049 4243
82 3213
116 2896
3579 3862
2224 4196
450 1291
383 2403
947 3865
1248 3580
3014 4117
924 2569
73 911
2465 2771
1055 2463
1098 3853
742 3257
2627 4562
1552 3296
3678 3775
2274 2724
3319 4495
1805 2496
1151 3277
293 3393
1860 3028
159 3595
4164 4594
2411 2464
2694 3696
3577 3754
1371 1845
2604 4701
3226 4578
452 4007
2340 2829
2013 4240
217 3029
642 763
1408 3038
1544 1884
92 4941
2406 3417
848 3929
4598 4715
846 3056
1172 3429
628 2805
515 3989
59 2402
1170 2295
2002 2827
3349 3463
3489 4701
2709 4782
412 3988
588 2553
3960 4187
4646 4871
628 3708
494 1477
319 1411
2428 2791
3596 4634
817 4964
1639 4345
611 2823
1936 2530
3150 4244
2656 4217
3338 3614
1672 1684
1083 1992
2637 4117
72 4184
163 1876
189 864
1458 4499
1534 2671
1301 2151
3117 4544
2166 2542
3415 3942
1588 4281
486 3779
2223 4077
4083 4754
713 3545
4195 4966
800 3890
2163 2381
1925 2891
260 2415
290 1105
900 1654
2617 4659
1890 2026
985 3689
2294 3106
2858 3925
1116 1735
685 4954
1110 1719
1048 1775
1948 3267
3108 4479
2248 4425
2629 2901
836 4021
103 1922
1025 2414
1800 4080
1173 4794
561 3441
1228 3070
906 3457
242 2556
333 4091
1668 2075
904 1448
568 3734
257 2811
3192 4225
1621 4783
431 2937
2212 3496
2256 3815
255 1954
2826 4054
2643 4080
2409 4761
817 974
98 4375
1439 2081
1120 2255
361 2318
2155 2883
4261 4934
3779 4843
848 3855
164 4072
3512 4633
360 2697
1537 4715
1706 1887
157 3587
177 4500
3517 3851
2882 4608
3209 4028
1394 3868
1407 4466
352 1265
1503 2143
1404 1922
2709 3345
73 3259
779 2316
2838 3541
1684 4799
1233 1364
118 3054
2181 3310
801 3550
3761 3931
1829 2973
1397 3615
2757 4996
601 2258
1311 1925
156 3786
715 1926
1562 1804
498 1242
2407 4262
3967 4512
589 1113
2700 3762
398 2131
285 2847
918 2176
3302 4229
2010 2751
4493 4865
394 639
1706 4045
3850 4469
2313 3400
558 1586
2590 2811
970 2623
3167 3409
2344 3750
1963 4171
3062 4615
3062 3966
1247 4119
1020 3791
1072 4080
2776 3333
1861 2407
898 1082
1062 2702
2365 4209
936 4115
262 1926
1476 1842
1238 2249
4287 4999
1354 4533
4223 4985
969 2050
1281 3569
242 2266
1166 2460
2254 2825
2737 3373
2060 2923
4667 4711
3714 4782
1570 4203
581 4357
4542 4908
1012 1522
778 1755
686 3610
380 3906
1000 2766
2072 2442
37 4107
2024 2941
309 1294
773 4600
3141 4986
2283 2662
3761 4140
2614 3609
2457 4525
1699 3883
2971 3476
882 2659
2765 3138
2925 2973
1963 4952
856 4042
2545 2656
872 3474
3416 3530
407 4889
2723 2905
216 3729
4262 4762
3268 4674
1376 3248
1271 4349
1885 2546
1180 1612
1838 2270
2910 2968
2523 3339
3858 4977
2639 2923
3255 4727
4645 4820
2590 3631
668 1832
494 2580
927 3553
1303 4283
3168 4728
229 961
1166 1787
1338 3025
2679 3478
1877 4788
1785 4878
576 4064
1349 4459
646 4312
108 3009
249 2685
94 968
1008 2927
800 2997
1335 1789
2463 4811
2843 4938
1610 4004
2368 4886
2527 4475
607 3059
1224 2485
133 906
250 462
2592 4525
476 1181
859 1780
2104 3455
354 4293
1009 1970
1881 4161
1570 2476
2722 4246
4888 4978
1573 3400
3084 4800
348 3358
2699 3495
3432 3856
1294 2901
894 4141
69 1959
1002 4065
418 3836
2722 4667
292 4247
2851 3215
2009 2080
1297 1414
788 3194
2250 4410
3133 3684
578 3660
523 4139
3768 4822
2921 4545
2281 2483
775 2198
1138 1584
1079 1950
729 2891
2615 3457
1613 3476
3809 3935
4658 4785
241 2359
3755 4601
4367 4468
1631 3895
2410 2765
4439 4981
2652 3699
3166 3533
1860 2994
1258 2554
844 2207
354 2751
2945 3461
299 3061
1783 2497
4391 4499
3031 4980
1480 3607
55 257
912 4223
2285 2989
282 4440
975 3003
1938 2236
1640 2697
3219 4598
3271 3274
2817 4228
2287 2968
70 3739
81 2582
800 3575
176 4360
2438 2466
4927 4964
85 479
826 1180
263 4195
2080 2925
3292 3381
165 3282
2903 4331
1173 4934
610 2376
98 103
184 851
3197 3985
1856 2122
2610 3889
198 2841
2105 4658
176 2127
57 621
3182 3964
1600 3507
603 1226
3226 3977
1140 1964
1083 1482
707 1366
2583 4725
1837 2524
1364 1858
279 4745
731 4726
2316 2732
729 3042
776 2951
122 3658
391 2729
3723 4985
254 3811
2822 2933
3218 4407
2038 3160
2031 3166
2916 4694
9 4304
3355 4879
3004 3550
1448 2841
773 839
1474 4336
927 4664
497 652
1108 3955
308 2626
1660 4627
60 2703
3166 3505
3384 3554
134 369
77 4377
156 883
1196 1679
908 1708
1443 2718
51 731
1461 2986
1296 2435
705 2188
570 1326
1425 1912
1725 4697
3807 4364
2768 3169
2149 2577
1005 1795
392 1640
3159 3233
885 4951
1256 2071
894 2448
644 895
1742 4098
2019 4251
754 2985
3583 3855
3187 4485
1364 4973
3155 3656
3521 4974
4643 4996
389 4826
620 3900
4334 4493
98 2542
3043 4331
3997 4093
2462 3925
1151 1406
998 3638
993 3762
102 4894
2464 3421
172 1917
52 1193
436 1430
1105 4514
1518 2279
2647 2822
757 4627
4316 4423
1278 4794
2531 4844
2023 2032
1347 4437
1727 3290
1023 2819
666 3761
3402 4091
1168 4651
2894 3095
222 1340
472 623
223 2174
109 1806
2163 3121
3968 4038
2565 4104
3891 4974
970 1567
256 2778
358 525
3500 4117
1478 3988
2969 4041
1021 2744
2325 4973
525 2335
603 2531
1318 2488
692 4491
2860 4767
2525 3766
3267 3798
555 2496
2700 4203
2938 4244
1135 3648
1679 3989
97 515
617 4855
889 4185
3543 4479
415 2351
2965 4856
1428 3576
1553 1815
222 395
2462 2891
458 3608
2087 2335
1829 1890
225 2387
1998 3425
499 4602
1451 2512
63 1217
903 1500
344 3098
2409 4873
1748 3668
2441 3881
2907 4871
309 4376
2260 4736
3334 3366
149 4495
188 3656
1717 2425
2127 2189
715 968
433 1160
1452 1921
1564 3652
187 4401
325 1584
824 4990
4806 4921
2713 3390
2195 3903
1340 2930
1223 3927
2691 2942
1859 4850
1511 4678
2370 4442
3002 3817
631 1110
2418 4115
86 4346
1789 4810
2436 4370
142 1185
210 942
2056 4691
1322 2996
3519 4550
2864 4169
2512 2928
1096 4970
337 3211
3728 3981
1003 4726
629 4541
1955 4648
1753 3951
3425 4109
90 889
1938 4327
1788 3181
908 3849
750 1683
923 2462
2017 2067
699 3431
315 1296
2619 3003
734 3457
1158 4597
57 4841
608 3659
843 929
594 4543
3304 3800
623 2961
2903 3567
1280 4827
1488 1505
104 971
1595 3356
1189 1950
1517 3225
1988 2696
61 1628
2815 4802
2345 3226
577 3545
1618 2718
641 2365
4341 4982
1393 2581
670 3894
859 3969
721 867
1640 2972
3148 4581
173 4686
1267 1582
233 2767
365 4575
1261 3210
1857 3348
574 2896
2497 4068
2345 4507
2353 2848
2703 3745
3203 4761
3424 4111
2456 3268
2908 3058
1827 3823
2219 3879
279 3516
120 2507
4523 4769
4184 4964
1742 1862
1342 4814
289 3474
106 4666
1667 4004
2179 2985
1566 4041
601 1441
1585 4195
2548 4376
2740 3747
808 3123
3187 4435
2147 4846
1829 4664
464 4498
2624 3758
1745 1784
2145 3427
4 4069
3314 4915
683 4287
1133 2566
2952 4670
311 2295
695 4477
4120 4122
466 1298
1248 3780
1183 1839
357 1008
3207 4761
401 3449
1173 2098
2121 2319
1972 3577
1797 2440
2820 3624
4357 4846
1505 3161
1394 1536
888 1690
4205 4868
1949 4814
2268 4274
873 3414
712 1540
692 1742
117 3880
1135 3577
447 3975
490 1382
606 907
569 3448
1677 4547
529 1670
1418 4817
70 2500
801 3106
472 2932
854 1717
1445 2704
224 891
633 746
1913 4926
512 1603
3462 4741
3092 3545
274 3077
2766 3654
447 3042
3246 4649
2546 3852
1050 1104
852 1986
1921 2801
1900 3463
1075 3448
1414 4977
825 3734
3335 3727
2442 4390
704 2347
505 1003
860 4172
1503 2406
1635 4732
508 665
86 262
82 2203
439 3259
3610 4961
1181 2094
3443 4292
3268 3991
819 3729
718 2596
84 1954
2995 3190
3447 3603
2657 3604
4183 4703
2974 3319
122 968
334 1230
472 3922
1720 3572
2661 2850
588 3150
1267 1898
3781 3949
1807 3237
185 4445
879 4158
1782 1898
1164 4129
404 3856
614 3839
2729 3398
2568 3921
1785 4104
1331 2021
2530 2741
341 4387
1930 4662
154 2465
909 1162
2697 3546
4675 4682
903 2098
62 4704
3456 3809
2987 4416
127 3642
3092 3196
1506 4820
505 4184
165 4824
2441 3844
643 1559
4086 4805
84 308
845 4873
2089 4064
695 1499
49 4648
494 889
773 1695
985 4606
473 4615
2336 3688
1589 3281
236 3026
3885 4081
1351 4174
3104 3439
1033 1809
1067 3926
1631 3732
1434 3121
1516 3658
1199 3352
2871 3561
2381 3591
2607 4216
3844 4071
2592 4463
610 2957
1887 3460
2551 4753
1864 4097
1451 3047
1341 1890
331 2086
3042 3981
2649 3236
2292 4148
359 833
1693 4632
259 2192
2601 3229
3302 4345
1588 3894
1665 4364
2363 4493
867 3562
2150 2893
1340 3095
358 3113
3758 4812
3224 4124
3047 4552
3397 3527
4061 4200
1812 2369
342 2833
1997 3762
228 4812
238 358
45 4781
2 54
1673 3548
583 1946
3033 3796
327 1259
699 1936
16 4709
2914 3216
936 4070
1412 3807
1055 3438
2862 3167
704 2110
342 503
415 1722
1745 3441
15 4654
2734 3919
567 3871
2210 3699
1498 1964
3874 3905
4062 4855
2862 3960
824 3762
4400 4952
4247 4389
2116 2896
2436 2988
1192 3982
498 1239
1031 2147
990 4961
2278 4145
442 3026
251 1119
55 1427
725 3336
1369 2986
344 846
2768 2856
2345 2347
433 2644
1682 4135
1323 2507
961 2538
1372 3798
47 58
168 3544
735 4982
1281 2239
2680 3006
198 1085
525 4973
725 2359
2394 3903
4425 4826
3500 3743
1552 2933
2975 3496
1287 2141
1680 3787
2946 4565
2433 4781
576 4314
259 548
1813 1883
3511 4981
1895 2612
22 3122
4074 4874
3539 3574
1141 4608
1542 4419
611 3662
1854 3030
223 1676
1559 4503
2244 4426
587 1763
905 3954
901 4285
2871 3651
826 2972
1946 3442
563 2110
9 306
3502 4428
4194 4895
709 1052
1664 2419
480 1121
646 4067
659 3668
2753 3071
2368 4809
763 2388
38 4221
474 707
3755 4647
160 1710
2003 2688
267 4269
626 2114
459 1848
3427 3472
253 1445
2816 4474
1477 2848
2818 4054
1515 1904
1270 4200
1133 4648
296 592
1236 3122
1157 1627
1139 2506
310 375
2814 3722
153 2131
634 2373
2172 3949
2457 2728
2464 4732
241 4996
1680 1718
443 2887
1523 3020
3383 4853
1173 1540
2413 4021
2437 3131
2104 4848
2909 4625
653 946
1782 3496
3608 3894
1043 4042
3476 3953
3199 4690
417 2196
2087 3173
2019 2230
3399 4479
1050 4500
1948 2845
441 1666
1886 4521
1914 3828
623 3937
1880 4347
2291 4185
615 3342
469 4445
1587 4902
944 2655
1178 3511
968 3415
784 3969
796 2448
1303 1966
4672 4951
1323 4161
1387 4105
1176 4554
1680 2139
261 3117
3887 3941
930 1736
1988 3804
1975 4432
3461 3911
2271 3742
594 808
472 2784
2772 4228
1209 4917
286 1361
3674 4001
1462 1645
3249 4513
3966 4677
13 626
3497 4919
2563 4382
318 3718
244 608
2790 4650
1953 2826
3639 4964
1373 4087
1554 3909
1399 2039
624 1671
848 1290
2194 3786
2230 3470
783 2816
624 718
487 3604
993 2880
742 2806
2624 3154
3464 3847
6 3662
2231 3574
1765 2874
1500 4985
571 2613
2952 3296
265 4845
3253 3895
4318 4328
1681 2961
22 4361
2253 2777
1292 3596
968 1206
79 2646
1616 3329
1055 4278
2498 4055
4206 4614
3782 4512
4038 4387
1791 3352
300 3417
193 4074
1140 1459
1265 2763
50 1099
1861 4957
20 4062
1931 3608
4190 4586
1156 1867
1821 2157
1174 4713
3269 3384
1454 1583
812 1588
1796 4173
482 2428
634 1043
2709 4724
2052 3875
2664 3821
3239 4888
2518 4142
2371 3891
1442 4544
1333 1738
1290 4379
264 1092
2054 2977
1768 2764
1561 2358
2716 2983
123 3909
584 1034
619 4161
327 2123
82 2252
762 2935
587 2102
3497 4194
241 2414
3601 4391
1336 2777
439 3729
1320 4962
226 2208
2720 3213
1947 3818
2672 4424
1938 3967
1293 1670
1882 3861
252 312
953 4550
452 614
3157 3931
1500 4504
2608 3701
3016 3049
3653 4184
4022 4869
689 1286
732 1386
3262 3516
2408 4728
302 4259
779 3235
405 2284
2415 3342
2766 4284
1003 3574
2341 3120
808 4233
159 311
2464 3516
1868 1964
40 768
3893 4396
258 1517
3753 3831
1118 2825
895 907
2570 3534
2203 4147
1735 2957
836 3706
1664 3998
2521 3555
376 4461
779 2852
1883 1956
3688 3853
2586 4564
2135 3331
881 1344
1935 3321
2864 4088
527 3929
1145 3542
2931 4136
1811 2952
2023 2960
2357 3840
303 2826
1802 2765
1518 3007
382 1276
4067 4793
2564 3971
1836 3342
1138 3798
1316 3299
1799 3491
3895 3898
909 966
2310 3512
1060 1622
2681 3726
3566 3920
3731 4888
338 3565
682 3012
1129 2802
3407 4400
19 3863
668 3600
3558 4907
2935 4803
841 3581
622 3140
310 3735
3131 3844
904 1884
1618 4748
1254 4449
2181 2221
2931 4222
3247 4501
8 3178
1979 3004
312 908
1738 3877
100 2339
443 2366
2076 2571
3770 3975
1497 3203
937 1097
700 3276
1886 4387
953 4023
2718 2721
3937 4759
3506 3650
1835 2919
3256 4202
1850 3232
2966 4865
799 3528
1255 2579
1808 4665
1655 4540
189 931
2485 3821
1199 2229
3714 4320
1541 1819
2462 3815
702 3331
4092 4845
3118 4288
1084 1852
1162 4515
3085 3623
3143 4748
31 4351
1082 2113
3106 4329
2240 3999
772 3075
821 1383
473 2808
2948 3745
